stasjonsID;stasjonsnavn;lengdegrad;breddegrad;temperatur_degC;temperaturnormal_degC;temperaturavvik_degC;nedbor_mm;nedbornormal_mm;nedbor_prosent_av_normal
SN100;Plassen;12.50390;61.13490;;;;107.6;106.0;101.5
SN10300;Håsjøen;11.77520;62.46980;;;;94.5;75.0;126.0
SN10380;Røros;11.34870;62.57810;10.4;11.0;-0.6;80.9;81.0;99.9
SN10600;Aursund;11.45501;62.67401;;;;103.6;87.0;119.1
SN1070;HVALER;11.03215;59.04188;16.4;17.0;-0.6;87.0;;
SN10800;Sølendet;11.81530;62.67930;9.7;10.6;-0.9;97.7;81.0;120.6
SN11500;Apelsvoll;10.86950;60.70020;14.5;14.7;-0.2;54.8;80.0;68.5
SN11710;Einavatn;10.64080;60.59505;;;;59.1;89.0;66.4
SN11900;Biri;10.59540;60.95180;;;;102.9;103.0;99.9
SN12180;Ilseng;11.20280;60.80280;14.5;14.8;-0.3;55.4;;
SN12290;Hamar (Disen);11.09480;60.80056;15.2;15.5;-0.3;37.7;72.0;52.4
SN1230;Halden;11.38800;59.12230;;;;84.3;95.0;88.7
SN12320;Hamar − Stavsberg;11.06970;60.81800;15.0;15.1;-0.1;59.9;77.0;77.8
SN12550;Kise på Hedmark;10.80550;60.77330;15.0;15.2;-0.2;61.3;84.0;73.0
SN12600;Vea;10.67905;60.95295;;;;81.7;86.0;95.0
SN12648;Rådhuset ;10.46750;61.11450;15.0;15.6;-0.6;101.3;;
SN12680;Sæterengen;10.47620;61.09170;13.9;14.5;-0.6;92.8;96.0;96.7
SN12700;Vårsætergrenda ;10.51120;61.10400;13.0;13.6;-0.6;;;
SN12710;Nordsetervegen ;10.51430;61.14310;12.3;12.9;-0.6;104.2;;
SN12960;Sjusjøen;10.70880;61.16380;10.0;;;159.7;138.0;115.7
SN12980;Bjørnerud ;10.45480;61.14780;13.6;14.5;-0.9;112.1;;
SN13030;Follebu;10.26141;61.22651;12.8;13.3;-0.5;95.0;;
SN13060;Gausdal;10.17377;61.27285;;;;102.1;116.0;88.0
SN13150;Fåvang;10.18720;61.45820;13.9;13.7;0.2;75.1;102.0;73.6
SN13160;Kvitfjell;10.12662;61.46474;9.2;9.5;-0.3;;;
SN13420;Venabu;10.10820;61.65130;9.5;10.0;-0.5;113.0;103.0;109.7
SN13655;Skåbu;9.40209;61.53098;9.8;10.2;-0.4;78.9;87.0;90.7
SN1400;Brekke sluse;11.55830;59.14770;;;;73.0;99.0;73.7
SN14200;Leirflaten;9.15424;61.72459;10.9;11.2;-0.3;75.7;;
SN14550;Preststulen;9.00840;61.92250;;;;60.3;72.0;83.7
SN14711;Grov;9.01104;61.81301;;;;60.5;72.0;84.0
SN15262;Juvflye;8.36850;61.67400;3.8;4.8;-1.0;;;
SN15270;Juvvasshøe;8.36900;61.67750;3.4;4.3;-0.9;;;
SN15430;Bøverdal;8.24230;61.71950;10.0;10.3;-0.3;50.4;59.0;85.4
SN15480;Skjåk (Øygarden);8.46720;61.87770;;;;57.0;45.0;126.7
SN15660;Skjåk (Austin);8.17060;61.90130;;;;59.8;49.0;122.0
SN15890;Grotli;7.66374;62.01647;9.0;10.1;-1.1;63.5;57.0;111.4
SN16040;Otta;9.54130;61.77820;13.7;14.0;-0.3;65.2;;
SN16271;Høvringen;9.47980;61.88830;9.2;10.0;-0.8;81.8;80.0;102.2
SN16400;Lannem;9.21430;62.01720;11.8;12.4;-0.6;59.8;61.0;98.0
SN1650;Strømsfoss;11.65990;59.30060;;;;96.3;97.0;99.3
SN16560;Dombås;9.11470;62.07165;11.3;11.9;-0.6;53.7;64.0;83.9
SN16610;Fokstugu;9.28620;62.11330;9.1;9.9;-0.8;76.4;69.0;110.7
SN17000;Strømtangen;10.82830;59.15155;16.9;17.3;-0.4;58.4;86.0;67.9
SN17050;Tomb;10.81450;59.31880;15.7;16.1;-0.4;81.2;;
SN17150;Rygge;10.79800;59.37420;16.2;16.3;-0.1;60.2;97.0;62.1
SN17251;Moss;10.68360;59.44254;;;;75.0;92.0;81.5
SN17280;Gullholmen;10.57800;59.43520;16.9;17.1;-0.2;;;
SN17380;Huggenes;10.75430;59.39800;16.0;16.2;-0.2;73.2;93.0;78.7
SN17775;Fagerstrand ;10.58860;59.73770;;;;54.9;91.0;60.3
SN17780;Blekslitjern;10.63080;59.80950;;;;67.9;80.0;84.9
SN17810;Tangenåsen;10.66220;59.85530;;;;71.3;81.0;88.0
SN17850;Ås;10.78180;59.66050;15.6;15.7;-0.1;61.4;96.0;64.0
SN17870;Rustadskogen;10.81040;59.67040;15.1;15.2;-0.1;57.6;103.0;55.9
SN180;Trysil Mosanden;12.27583;61.29557;13.1;13.1;0.0;128.9;104.0;123.9
SN18020;Lambertseter;10.81850;59.87750;;;;80.8;99.0;81.6
SN18165;Ryen;10.80130;59.89630;;;;76.5;87.0;87.9
SN18180;Trasop;10.84700;59.90700;;;;75.9;94.0;80.7
SN18195;Høyenhall;10.82120;59.90330;;;;82.4;96.0;85.8
SN18205;Løren ;10.79020;59.92870;;;;72.1;94.0;76.7
SN18210;Hovin;10.80400;59.92300;16.5;16.9;-0.4;77.2;108.0;71.5
SN18215;Brobekk;10.83150;59.93230;;;;75.1;89.0;84.4
SN18225;Tonsenhagen;10.82930;59.94670;;;;82.6;91.0;90.8
SN18233;Nyland;10.86400;59.94520;;;;72.3;92.0;78.6
SN18235;Furuset ;10.89720;59.94200;;;;66.4;91.0;73.0
SN18245;Ammerud;10.87370;59.96520;;;;72.9;87.0;83.8
SN18270;Vestli;10.91850;59.96830;14.5;;;76.5;86.0;89.0
SN18390;Bjølsen;10.74830;59.94180;;;;83.9;96.0;87.4
SN18405;Sandaker;10.77270;59.93980;;;;70.0;91.0;76.9
SN18420;Disen;10.79030;59.94600;;;;79.3;109.0;72.8
SN18440;Kjelsås;10.77564;59.95995;;;;61.5;93.0;66.1
SN18450;Maridalsoset;10.78936;59.97187;;;;74.6;100.0;74.6
SN18500;Bjørnholt;10.68787;60.05142;13.6;13.9;-0.3;86.4;133.0;65.0
SN18645;Solli plass;10.72020;59.91420;;;;66.4;92.0;72.2
SN18700;Oslo (Blindern);10.72000;59.94230;16.2;16.5;-0.3;73.4;103.0;71.3
SN18701;Blindern PLU;10.72020;59.94230;;;;71.4;106.0;67.4
SN18703;Blindern test;10.71940;59.94256;;;;70.7;96.0;73.6
SN18920;Besserud;10.67100;59.95730;;;;60.6;123.0;49.3
SN18950;Tryvannshøgda;10.66923;59.98480;13.4;13.4;0.0;80.6;139.0;58.0
SN19455;Kommunegården;10.52430;59.88920;;;;53.9;107.0;50.4
SN19458;Nadderud;10.58780;59.92480;;;;54.0;115.0;47.0
SN19490;Gjettum PLU;10.51220;59.90580;;;;64.5;116.0;55.6
SN1950;Ørje;11.65268;59.48199;15.8;;;72.0;99.0;72.7
SN19530;Aurevann;10.46010;59.99670;;;;63.9;121.0;52.8
SN19710;Asker - Sem;10.43580;59.85580;15.5;15.6;-0.1;59.6;114.0;52.3
SN19930;Glitre;10.05630;59.86835;;;;80.2;108.0;74.3
SN19940;Lier;10.25980;59.79080;15.9;15.7;0.2;62.4;;
SN20280;Hverven;10.26617;60.14033;15.8;15.9;-0.1;57.0;95.0;60.0
SN20301;Hønefoss;10.24780;60.16650;16.0;15.9;0.1;59.0;85.0;69.4
SN20520;Lunner;10.57516;60.29517;14.1;;;70.5;87.0;81.0
SN20540;Gran;10.55920;60.35580;14.3;14.7;-0.4;81.6;95.0;85.9
SN21680;Vest-Torpa;10.03580;60.93450;12.1;12.5;-0.4;92.7;110.0;84.3
SN22730;Hedal i Valdres;9.72380;60.61970;;;;71.2;110.0;64.7
SN22840;Reinli;9.49050;60.83460;;;;80.7;99.0;81.5
SN23410;Fagernes LH;9.30141;61.00279;10.7;11.0;-0.3;;;
SN23420;Fagernes;9.22400;60.97850;13.6;13.8;-0.2;63.8;92.0;69.3
SN23500;Løken i Volbu;9.06300;61.12200;12.3;12.8;-0.5;88.1;86.0;102.4
SN23550;Beitostølen;8.92257;61.25094;9.8;10.3;-0.5;74.6;111.0;67.2
SN23560;Beito;8.85570;61.24330;;;;69.7;110.0;63.4
SN23720;Vang i Valdres;8.56900;61.12400;;;;74.7;89.0;83.9
SN24600;Krødsherad;9.59606;60.13710;;;;70.8;116.0;61.0
SN24710;Gulsvik;9.60500;60.38300;15.5;15.3;0.2;55.7;103.0;54.1
SN24890;Nesbyen;9.13233;60.56692;13.8;14.2;-0.4;58.6;72.0;81.4
SN24960;Gol − Stake;8.94780;60.71880;;;;68.6;78.0;87.9
SN25100;Hemsedal;8.52850;60.87030;;;;73.9;110.0;67.2
SN25110;Hemsedal;8.59294;60.85486;11.5;11.7;-0.2;;;
SN25112;Hollekolten;8.51750;60.87050;11.2;11.3;-0.1;;;
SN25115;Hemsedal Skis;8.49680;60.83970;7.3;7.8;-0.5;;;
SN25320;Ål;8.56090;60.63910;;;;65.5;81.0;80.9
SN25630;Geilo;8.19510;60.52990;10.6;11.1;-0.5;79.7;82.0;97.2
SN25830;Finse;7.52700;60.59380;7.6;8.3;-0.7;110.3;111.0;99.4
SN26060;Skotselv;9.89480;59.83870;15.7;16.0;-0.3;;;
SN2650;Aurskog;11.58020;59.91180;14.5;14.9;-0.4;78.6;86.0;91.4
SN26500;Geithus ;9.97280;59.92020;16.9;15.4;1.5;;;
SN26580;Bangeløkka;10.21420;59.73104;16.8;16.9;-0.1;72.9;;
SN26590;Drammen Sletta;10.23120;59.74450;17.4;17.1;0.3;73.0;;
SN26594;Danvik ;10.19730;59.73270;;;;77.1;108.0;71.4
SN26630;Vestfossen ;9.87280;59.73230;15.9;16.1;-0.2;68.3;;
SN26670;Hakavik;9.95340;59.62515;;;;79.4;106.0;74.9
SN26780;Olleveien;10.05820;59.76550;17.2;16.3;0.9;;;
SN26790;Orkidéhøgda ;10.02750;59.74980;16.7;16.6;0.1;47.8;69.0;69.3
SN26802;Åsen;10.02580;59.73280;14.7;;;62.1;90.0;69.0
SN26820;Hokksund;9.89220;59.76130;16.2;16.1;0.1;75.6;81.0;93.3
SN26840;Langeløkka ;10.01230;59.76580;15.6;15.5;0.1;38.9;75.0;51.9
SN26852;Bragernes skole ;10.22580;59.74870;;;;76.6;93.0;82.4
SN26864;Drammen sykehus ;10.19500;59.74970;;;;74.1;89.0;83.3
SN26872;Øren skole ;10.17050;59.75230;;;;68.2;90.0;75.8
SN26898;Åssiden ;10.13820;59.75380;;;;63.6;90.0;70.7
SN26900;Berskog;10.12062;59.75383;16.5;16.4;0.1;57.4;89.0;64.5
SN26934;Solumstrand ;10.26880;59.71120;;;;81.0;93.0;87.1
SN26950;Svelvik - Knem;10.40470;59.60270;16.2;16.5;-0.3;61.4;101.0;60.8
SN26990;Galleberg;10.21504;59.61933;16.0;16.0;0.0;63.4;102.0;62.2
SN26996;Lauvkollmyr;10.10400;59.64690;12.3;12.6;-0.3;86.9;;
SN27010;Konnerud ;10.14600;59.71300;14.9;14.8;0.1;86.6;112.0;77.3
SN27015;Jarlsbergveien ;10.14580;59.71920;;;;81.2;84.0;96.7
SN27120;Nykirke;10.38470;59.42830;15.5;15.6;-0.1;65.1;117.0;55.6
SN27160;Horten;10.46470;59.41980;16.4;16.3;0.1;85.9;118.0;72.8
SN27270;Tønsberg (Kilen);10.43120;59.27820;16.6;16.8;-0.2;68.9;93.0;74.1
SN27301;Ramnes;10.25010;59.35620;;;;65.6;104.0;63.1
SN27315;Ramnes (Kile) ;10.23970;59.38080;15.7;15.7;0.0;61.6;109.0;56.5
SN27330;Taranrød;10.29830;59.29380;15.8;15.7;0.1;87.1;108.0;80.6
SN27400;Føynland;10.45604;59.23662;16.7;16.7;0.0;69.9;99.0;70.6
SN27403;Knarrberg;10.45442;59.20840;16.4;16.6;-0.2;79.8;99.0;80.6
SN27406;Torød;10.42380;59.16900;16.5;16.7;-0.2;69.9;90.0;77.7
SN27420;Tjøme;10.39800;59.12050;16.5;16.6;-0.1;77.0;83.0;92.8
SN27433;Tenvik;10.36550;59.17450;16.5;16.7;-0.2;40.9;106.0;38.6
SN27435;Vestskogen;10.40230;59.24170;16.3;16.3;0.0;64.6;124.0;52.1
SN27450;Melsom;10.34575;59.22974;16.1;16.1;0.0;74.3;108.0;68.8
SN27460;Borgheim;10.41030;59.21730;15.7;16.2;-0.5;79.4;111.0;71.5
SN27470;Torp;10.25530;59.18450;16.0;15.9;0.1;;;
SN27500;Færder fyr;10.52420;59.02720;17.2;17.5;-0.3;;;
SN27564;Mosserød;10.20250;59.15050;;;;96.2;124.0;77.6
SN27590;Sandefjord ;10.21950;59.12900;;;;84.0;88.0;95.5
SN27600;Sandefjord;10.21470;59.13200;;;;92.7;117.0;79.2
SN27770;Stokke;10.20220;59.27520;;;;85.0;112.0;75.9
SN27780;Tjølling;10.12506;59.04575;16.1;16.3;-0.2;82.0;117.0;70.1
SN27800;Hedrum;9.96420;59.19640;15.7;;;66.2;116.0;57.1
SN28380;Kongsberg;9.63770;59.62470;15.5;15.2;0.3;73.1;96.0;76.1
SN28922;Veggli;9.14680;60.04350;14.4;14.2;0.2;63.1;95.0;66.4
SN29350;Uvdal kraftverk;8.70570;60.25500;13.1;11.8;1.3;;;
SN29400;Sandhaug;7.48050;60.18330;7.3;8.1;-0.8;27.6;;
SN29600;Tunhovd;8.75110;60.46290;;;;83.1;83.0;100.1
SN29720;Dagali LH;8.52630;60.41880;9.8;10.4;-0.6;;;
SN29950;Svenner fyr;10.14800;58.96880;16.8;17.1;-0.3;;;
SN30000;Larvik;10.06670;59.05720;;;;89.3;104.0;85.9
SN30248;Brevik;9.70130;59.05370;;;;99.9;95.0;105.2
SN30255;Porsgrunn (Ås);9.66030;59.08720;16.1;16.0;0.1;95.3;111.0;85.9
SN30261;Porsgrunn;9.63850;59.13530;;;;83.0;110.0;75.5
SN30270;Kjølnes;9.66630;59.14050;;;;77.4;97.0;79.8
SN30320;Skien (Elstrøm);9.58950;59.19920;;;;71.5;96.0;74.5
SN30330;Gjerpen ;9.57720;59.22680;16.1;15.8;0.3;87.4;102.0;85.7
SN30380;Skien (Godal);9.53126;59.45482;;;;81.2;129.0;62.9
SN30530;Notodden;9.26430;59.56880;;;;71.6;86.0;83.3
SN30650;Notodden lh;9.21110;59.56660;16.2;15.5;0.7;;;
SN30810;Tinnosdammen;9.02453;59.72378;14.9;;;80.4;105.0;76.6
SN30860;Bergeligrend;9.05800;59.88610;12.4;;;58.6;94.0;62.3
SN30875;Busnesgrend;8.98651;59.81048;15.1;;;90.6;79.0;114.7
SN31080;Tessungdalen;8.70111;60.12843;;;;77.6;105.0;73.9
SN31210;Synken ;8.26670;60.10000;8.8;;;73.3;82.0;89.4
SN31250;Strengen;8.37550;59.99580;9.2;;;64.1;76.0;84.3
SN31400;Fyriegg;8.69780;59.86550;10.3;10.5;-0.2;;;
SN31410;Rjukan;8.66630;59.88000;;;;78.0;101.0;77.2
SN31500;Frøystul;8.34770;59.82470;10.9;;;77.5;82.0;94.5
SN31520;Groset;8.31422;59.83566;10.4;;;70.5;77.0;91.6
SN31620;Møsstrand;8.17850;59.83970;10.1;10.2;-0.1;61.3;92.0;66.6
SN31660;Mogen;7.91300;60.01800;9.9;;;80.2;94.0;85.3
SN31850;Hjartdal;8.71246;59.60472;;;;60.0;105.0;57.1
SN3190;Sarpsborg;11.11280;59.28509;16.7;16.5;0.2;94.6;89.0;106.3
SN31900;Tuddal;8.80833;59.74648;;;;58.6;108.0;54.3
SN31970;Gaustatoppen;8.65620;59.84970;4.3;4.6;-0.3;;;
SN3200;Baterød;11.13380;59.30720;;;;44.4;91.0;48.8
SN32060;Gvarv;9.21280;59.38220;15.8;15.6;0.2;79.7;103.0;77.4
SN32061;Gvarv (Bioforsk);9.21180;59.38220;16.0;15.2;0.8;70.0;;
SN32220;Lifjell ;8.98370;59.50220;9.5;9.6;-0.1;168.7;255.0;66.2
SN32240;Bø;9.02870;59.41750;15.3;15.0;0.3;60.5;118.0;51.3
SN32780;Solum (Høydal);9.26680;59.14440;;;;77.1;108.0;71.4
SN3280;Rakkestad;11.39268;59.46127;;;;71.6;91.0;78.7
SN32890;Høydalsmo;8.19990;59.49652;12.2;12.2;0.0;77.0;107.0;72.0
SN3290;Rakkestad;11.39050;59.38820;15.1;14.9;0.2;82.0;102.0;80.4
SN33300;Honnegrasnuten;7.81730;59.76750;7.2;7.5;-0.3;;;
SN3370;Øsaker;11.04217;59.31933;16.0;16.0;0.0;67.1;98.0;68.5
SN33890;Vågsli;7.36535;59.76637;12.3;10.7;1.6;75.8;94.0;80.6
SN33950;Haukeliseter;7.21430;59.81180;9.4;9.9;-0.5;90.1;110.0;81.9
SN34130;Jomfruland;9.57450;58.85650;16.7;17.0;-0.3;87.7;;
SN34580;Drangedal;9.06870;59.07670;;;;68.2;114.0;59.8
SN34900;Drangedal;8.76870;59.26470;;;;100.9;138.0;73.1
SN35090;Eikeland;9.09800;58.80370;;;;100.7;136.0;74.0
SN35210;Gjerstad;9.02630;58.87000;16.0;15.6;0.4;80.1;116.0;69.1
SN35340;Risør;9.21104;58.71840;;;;111.2;117.0;95.0
SN35860;Lyngør fyr;9.14780;58.63620;16.6;16.8;-0.2;;;
SN36110;Arendal brannst;8.72280;58.46130;;;;87.6;112.0;78.2
SN36200;Torungen fyr;8.78930;58.39880;16.5;16.6;-0.1;79.5;89.0;89.3
SN36330;Arendal lh;8.70280;58.51580;15.6;15.6;0.0;;;
SN36490;Bøylefoss;8.71700;58.59670;;;;78.2;129.0;60.6
SN36560;Nelaug;8.63384;58.65541;15.8;15.7;0.1;73.3;134.0;54.7
SN3720;Kykkelsrud ;11.09620;59.58730;15.6;;;74.7;84.0;88.9
SN37230;Tveitsund;8.51859;59.02556;15.1;14.7;0.4;75.3;110.0;68.5
SN37500;Foldsæ;8.15170;59.32420;;;;67.7;104.0;65.1
SN37570;Borsæ;7.82762;59.37927;;;;86.3;123.0;70.2
SN3780;Hobøl;11.04680;59.63600;;;;82.4;102.0;80.8
SN3810;Askim;11.16620;59.58720;16.3;;;74.0;91.0;81.3
SN38140;Landvik;8.52250;58.34000;16.2;16.1;0.1;80.5;126.0;63.9
SN38380;Dovland;8.03920;58.52340;;;;71.3;135.0;52.8
SN38600;Mykland;8.28721;58.63221;;;;67.5;114.0;59.2
SN38730;Hynnekleiv;8.41670;58.60070;14.7;14.5;0.2;59.4;109.0;54.5
SN38800;Tovdal;8.22950;58.79380;;;;65.7;130.0;50.5
SN39030;Hånes ;8.09150;58.18130;;;;65.8;123.0;53.5
SN39040;Kjevik;8.07670;58.20000;16.0;15.9;0.1;62.9;121.0;52.0
SN39100;Oksøy fyr;8.05320;58.07320;16.1;16.2;-0.1;;;
SN39150;Sømskleiva;8.05200;58.15020;16.3;;;80.7;127.0;63.5
SN39165;Brannstasjonen ;7.99930;58.15550;;;;73.9;108.0;68.4
SN39750;Byglandsfjord;7.80310;58.68627;15.4;15.2;0.2;67.1;111.0;60.5
SN40250;Valle;7.52734;59.19712;13.6;13.5;0.1;56.3;117.0;48.1
SN4040;Enebakk;11.15350;59.75000;;;;99.9;97.0;103.0
SN40420;Bykle;7.34396;59.35058;11.9;;;56.6;99.0;57.2
SN40510;Blåsjø;6.88170;59.33350;8.3;8.7;-0.4;;;
SN40880;Hovden;7.38965;59.57659;9.5;10.3;-0.8;53.5;86.0;62.2
SN4090;Vallerudåsen ;10.94250;59.91400;;;;84.5;103.0;82.0
SN41090;Mandal;7.45170;58.02470;15.6;16.0;-0.4;44.8;100.0;44.8
SN4110;Haneborg ;10.97620;59.94600;;;;71.4;102.0;70.0
SN41175;Kleiven;7.43880;58.27720;13.4;14.0;-0.6;66.1;157.0;42.1
SN41480;Åseral - Kyrkjebygda;7.41280;58.61720;14.2;14.0;0.2;58.9;154.0;38.2
SN41550;Ljosland;7.35010;58.78780;;;;59.2;142.0;41.7
SN41770;Lindesnes fyr;7.04800;57.98150;15.4;16.2;-0.8;48.5;101.0;48.0
SN41825;Lyngdal;7.04520;58.13400;14.9;15.6;-0.7;72.0;;
SN4200;Kjeller;11.03830;59.97080;15.4;15.9;-0.5;;;
SN42160;Lista fyr;6.56750;58.10900;15.2;15.9;-0.7;52.4;106.0;49.4
SN42520;Fjotland;6.94430;58.65770;;;;76.0;168.0;45.2
SN4260;Skjetten;10.97770;59.97750;15.5;15.1;0.4;76.4;102.0;74.9
SN42650;Flekkefjord;6.64980;58.28399;;;;87.4;185.0;47.2
SN42720;Bakke;6.65700;58.41170;;;;99.9;176.0;56.8
SN42810;Tonstad − Nettfed;6.70900;58.66420;;;;121.9;162.0;75.2
SN42940;Sinnes;6.90970;58.92300;11.5;12.2;-0.7;85.2;139.0;61.3
SN43010;Eik - Hove;6.50460;58.50720;13.9;14.6;-0.7;100.6;191.0;52.7
SN43090;Jøssingfjord;6.35820;58.32500;;;;78.4;173.0;45.3
SN43350;Eigerøya;5.87183;58.43517;14.6;15.4;-0.8;;;
SN43810;Maudal;6.36750;58.76447;12.8;;;173.0;235.0;73.6
SN44080;Obrestad fyr;5.55456;58.65850;14.4;15.1;-0.7;69.3;127.0;54.6
SN44190;Time;5.72620;58.73450;14.5;;;78.4;143.0;54.8
SN44300;Særheim;5.65080;58.76050;14.1;15.1;-1.0;108.8;146.0;74.5
SN44480;Søyland Gjesdal;5.98170;58.68550;;;;125.9;223.0;56.5
SN44520;Gjesdal;6.01350;58.75500;;;;130.7;214.0;61.1
SN44560;Sola;5.63700;58.88430;14.8;15.7;-0.9;69.2;127.0;54.5
SN4460;Hakadal;10.82900;60.11730;14.5;14.8;-0.3;79.6;124.0;64.2
SN44610;Kvitsøy;5.41220;59.07050;14.5;15.5;-1.0;;;
SN44640;Våland;5.72780;58.95630;14.5;15.5;-1.0;75.0;142.0;52.8
SN44730;Sandnes − Rovik;5.75920;58.86620;14.8;;;86.0;126.0;68.3
SN44760;Ims;5.96435;58.90517;;;;79.8;160.0;49.9
SN44800;Sviland;5.91623;58.81675;;;;111.0;191.0;58.1
SN45350;Lysebotn;6.64670;59.05512;14.9;15.7;-0.8;89.6;164.0;54.6
SN45530;Liarvatn;6.12120;59.05120;12.7;13.8;-1.1;146.6;230.0;63.7
SN45770;Hjelmeland;6.14980;59.23000;14.3;14.4;-0.1;91.6;167.0;54.9
SN45870;Fister;6.03650;59.16000;14.8;15.7;-0.9;94.3;142.0;66.4
SN46150;Sand i Ryfylke;6.27061;59.48127;14.0;;;238.1;203.0;117.3
SN46220;Gullingen;6.46970;59.41280;10.8;12.0;-1.2;179.7;;
SN46300;Suldalsvatn;6.80900;59.58870;;;;132.5;146.0;90.8
SN46430;Røldalsfjellet;6.73300;59.83150;8.9;9.4;-0.5;261.2;182.0;143.5
SN46432;Elvershei;6.71080;59.83570;6.1;6.5;-0.4;;;
SN46460;Røldal kraftverk;6.81800;59.82220;11.6;;;132.9;140.0;94.9
SN46610;Sauda;6.34990;59.64790;14.4;15.1;-0.7;129.8;174.0;74.6
SN46850;Vikedal;5.99480;59.55530;;;;215.5;262.0;82.3
SN46930;Vats i Vindafjord;5.72088;59.49260;13.9;14.8;-0.9;127.5;194.0;65.7
SN47240;Karmøy;5.26230;59.26950;;;;131.2;157.0;83.6
SN47260;Haugesund LH;5.21150;59.34450;14.4;15.2;-0.8;;;
SN47270;Karmøy - Hydro;5.31195;59.31168;;;;93.7;157.0;59.7
SN47300;Utsira;4.87230;59.30650;14.1;15.1;-1.0;94.7;115.0;82.3
SN47350;Røvær;5.07800;59.43820;14.1;15.2;-1.1;;;
SN4740;Ukkestad;11.05100;60.17420;;;;63.2;105.0;60.2
SN47450;Straumøy;5.43350;59.65320;;;;119.1;155.0;76.8
SN47498;Etne ;5.95380;59.66250;14.3;15.1;-0.8;99.1;169.0;58.6
SN47600;Litledal;6.06306;59.66332;13.5;;;130.2;202.0;64.5
SN47610;Basura;6.08730;59.63570;10.9;;;148.4;262.0;56.6
SN4780;Gardermoen;11.08020;60.20650;15.2;15.1;0.1;81.5;101.0;80.7
SN47820;Eikemo;6.27851;59.85933;;;;261.5;207.0;126.3
SN47890;Opstveit;6.01700;59.85780;13.7;;;229.3;243.0;94.4
SN48120;Stord LH;5.34070;59.79330;14.0;15.1;-1.1;;;
SN48330;Slåtterøy fyr;5.06680;59.90700;14.0;15.3;-1.3;;;
SN48450;Husnes;5.76946;59.86412;;;;216.0;188.0;114.9
SN48500;Rosendal;6.02637;59.99133;;;;158.8;175.0;90.7
SN49080;Øvre Krossdalen;6.38664;60.28029;12.1;;;200.1;152.0;131.6
SN49085;Folgefonna;6.43470;60.22630;6.7;7.3;-0.6;;;
SN49087;Folgefonna topp;6.40585;60.22353;6.0;6.8;-0.8;;;
SN4920;Årnes;11.39330;60.12680;14.9;14.9;0.0;111.9;90.0;124.3
SN49220;Odda - Jordal;6.53950;60.04470;13.3;14.0;-0.7;112.6;;
SN49245;Skare;6.58870;59.93330;12.2;13.3;-1.1;192.2;;
SN49351;Tyssedal;6.55470;60.11880;;;;83.1;105.0;79.1
SN49490;Ullensvang;6.65380;60.31850;14.0;15.0;-1.0;115.3;91.0;126.7
SN49631;Eidfjord;7.06597;60.46473;14.0;;;76.2;81.0;94.1
SN49800;Fet i Eidfjord;7.28035;60.40807;10.1;11.1;-1.0;100.6;72.0;139.7
SN49910;Hjeltnes;6.92844;60.56173;13.7;15.1;-1.4;155.8;;
SN50070;Kvamsøy;6.28050;60.36320;14.0;15.5;-1.5;191.1;145.0;131.8
SN50120;Skulafossen;6.03920;60.27470;;;;259.6;207.0;125.4
SN50150;Hatlestrand;5.90320;60.04500;;;;176.5;181.0;97.5
SN50175;Austevoll;5.20380;60.01670;13.7;14.9;-1.2;125.2;150.0;83.5
SN50310;Kvamskogen;5.96366;60.38892;11.2;12.3;-1.1;239.0;221.0;108.1
SN50351;Samnanger;5.89420;60.46290;;;;373.8;247.0;151.3
SN50450;Fana;5.33050;60.27280;;;;196.6;198.0;99.3
SN50480;Sandsli;5.27770;60.29130;14.1;;;203.2;189.0;107.5
SN50500;Flesland;5.22650;60.28920;12.9;14.5;-1.6;177.8;175.0;101.6
SN50503;Sædalen ;5.39670;60.35000;12.7;13.8;-1.1;275.8;213.0;129.5
SN50539;Bergen (UiB);5.33200;60.38370;14.2;15.4;-1.2;266.1;220.0;121.0
SN50540;Bergen;5.33270;60.38300;14.2;15.4;-1.2;243.6;208.0;117.1
SN50570;Skredderdalen;5.33580;60.40400;12.4;13.3;-0.9;249.2;252.0;98.9
SN50810;Åsane;5.34180;60.47420;13.3;14.5;-1.2;;;
SN50865;Gullfjellet;5.54200;60.38280;11.5;13.0;-1.5;355.1;345.0;102.9
SN51010;Fossmark;5.72430;60.52050;13.7;14.7;-1.0;236.7;210.0;112.7
SN51250;Øvstedal;5.96470;60.68870;;;;307.1;220.0;139.6
SN51440;Evanger;6.11050;60.64700;13.5;14.6;-1.1;162.0;143.0;113.3
SN51470;Bulken;6.22200;60.64550;12.1;13.5;-1.4;158.4;136.0;116.5
SN51530;Vossavangen;6.42650;60.62520;13.5;14.8;-1.3;98.7;100.0;98.7
SN51800;Mjølfjell;6.93733;60.70204;10.4;11.7;-1.3;161.3;149.0;108.3
SN51990;Vetlebotn;6.47330;60.86550;10.1;11.2;-1.1;325.8;215.0;151.5
SN52170;Eksingedal;6.14680;60.80280;;;;228.7;178.0;128.5
SN52310;Modalen;5.97580;60.85900;12.4;13.6;-1.2;214.4;185.0;115.9
SN52400;Eikanger;5.37420;60.62680;;;;222.4;200.0;111.2
SN52475;Sele i Øygarden ;4.89330;60.53130;;;;144.8;153.0;94.6
SN52535;Fedje;4.71500;60.75250;13.4;14.6;-1.2;;;
SN52750;Risnes;5.21080;60.84620;;;;281.8;213.0;132.3
SN52860;Takle;5.38130;61.02720;13.2;14.4;-1.2;260.2;190.0;136.9
SN52930;Verkland i Gulen;5.42500;60.95850;;;;423.8;256.0;165.5
SN52970;Sørebø;5.90630;61.06570;;;;190.4;148.0;128.6
SN52990;Ortnevik;6.13400;61.10950;;;;129.3;99.0;130.6
SN53070;Vik i Sogn;6.58130;61.07280;;;;96.1;77.0;124.8
SN53101;Vangsnes;6.64520;61.17240;13.5;15.1;-1.6;121.8;82.0;148.5
SN53130;Fresvik;6.93450;61.06880;;;;106.2;70.0;151.7
SN53160;Jordalen;6.72430;60.90040;;;;207.4;136.0;152.5
SN53480;Klevavatnet;7.20850;60.71920;8.7;9.6;-0.9;159.9;131.0;122.1
SN5350;Nord-Odal;11.55906;60.38820;15.1;15.4;-0.3;67.0;99.0;67.7
SN53530;Midtstova;7.27550;60.65630;7.7;8.4;-0.7;211.4;143.0;147.8
SN53700;Aurland;7.20100;60.90270;;;;85.4;66.0;129.4
SN54110;Lærdal;7.50250;61.10330;13.2;14.8;-1.6;;;
SN54320;Borgund;7.81792;61.05836;11.8;;;73.2;62.0;118.1
SN54420;Øljusjø;8.08609;61.00425;8.6;;;57.9;84.0;68.9
SN54600;Maristova;8.03686;61.10988;9.6;;;84.1;83.0;101.3
SN54710;Filefjell − Kyrkjestølane;8.11250;61.17800;8.6;9.5;-0.9;92.3;71.0;130.0
SN54780;Øvre Årdal;7.81771;61.31023;;;;106.9;74.0;144.5
SN55000;Luster − Ornes;7.31320;61.29941;14.0;15.5;-1.5;94.6;;
SN55290;Sognefjellhytta;7.99570;61.56480;5.9;6.8;-0.9;;;
SN55300;Skjolden;7.60600;61.49620;;;;97.4;81.0;120.2
SN55425;Spørteggbu;7.38920;61.59720;4.6;5.4;-0.8;;;
SN55430;Mjølversgrendi;7.27620;61.65950;11.9;13.1;-1.2;109.1;101.0;108.0
SN55550;Hafslo;7.18870;61.29250;;;;108.2;81.0;133.6
SN55670;Veitastrond;7.03400;61.47830;;;;163.7;113.0;144.9
SN55700;Sogndal LH;7.14130;61.15800;11.1;12.5;-1.4;;;
SN55770;Njøs;6.86080;61.17920;13.7;15.4;-1.7;120.7;71.0;170.0
SN55820;Fjærland;6.76430;61.42346;12.1;13.5;-1.4;222.8;117.0;190.4
SN5590;Kongsvinger;12.00692;60.19043;15.3;15.1;0.2;67.8;90.0;75.3
SN55928;Balestrand ;6.52850;61.20280;13.4;15.0;-1.6;171.2;102.0;167.8
SN55930;Balestrand Brannstasjon;6.53150;61.20380;;;;173.1;107.0;161.8
SN56010;Høyanger Verk;6.07020;61.22000;;;;269.4;153.0;176.1
SN56320;Lavik;5.54130;61.11240;;;;294.1;177.0;166.2
SN56400;Kolgrov;4.66930;61.00700;;;;160.1;133.0;120.4
SN56420;Fureneset;5.04430;61.29280;12.0;14.6;-2.6;274.3;175.0;156.7
SN56520;Hovlandsdal;5.43420;61.23200;;;;446.8;239.0;186.9
SN5660;Roverud;12.09130;60.25370;14.7;14.8;-0.1;81.2;80.0;101.5
SN56780;Sygna;5.72650;61.34350;;;;283.4;160.0;177.1
SN56850;Gaular;6.19830;61.32620;;;;214.7;144.0;149.1
SN56960;Haukedalen;6.37580;61.42020;11.4;12.8;-1.4;246.3;163.0;151.1
SN57000;Førde LH;5.76000;61.39100;11.8;13.0;-1.2;;;
SN57340;Kvamsfjellet;6.09600;61.45730;7.5;8.8;-1.3;;;
SN57390;Skei i Jølster;6.49010;61.57551;;;;320.5;137.0;233.9
SN57480;Botnen i Førde;6.05860;61.53490;;;;348.3;195.0;178.6
SN57660;Eimhjellen;5.81570;61.64070;;;;361.2;190.0;190.1
SN57710;Florø LH;5.02780;61.58320;13.3;14.7;-1.4;;;
SN57770;Ytterøyane fyr;4.68170;61.57170;13.0;14.6;-1.6;;;
SN57790;Myklebustfjellet;5.20070;61.67880;8.8;10.1;-1.3;;;
SN57810;Svelgen;5.29830;61.77070;13.3;14.8;-1.5;268.5;214.0;125.5
SN57850;Daviknes;5.53330;61.89860;;;;257.5;159.0;161.9
SN57940;Ålfoten;5.66740;61.83195;;;;220.8;145.0;152.3
SN58070;Sandane;6.18350;61.78730;13.1;14.8;-1.7;161.2;96.0;167.9
SN58100;Sandane LH;6.10430;61.82930;13.0;14.6;-1.6;;;
SN58320;Myklebust Breim;6.61527;61.71310;;;;261.1;139.0;187.8
SN58390;Innvik;6.60000;61.83800;;;;181.4;98.0;185.1
SN58480;Oldedalen;6.80593;61.69405;;;;211.8;93.0;227.7
SN58780;Nordfjordeid;6.03920;61.91830;;;;200.0;118.0;169.5
SN58860;Trolledalsegga ;6.10650;61.89020;6.9;8.4;-1.5;;;
SN58900;Stryn;6.55817;61.91533;12.0;13.6;-1.6;230.3;109.0;211.3
SN58960;Hornindal;6.65020;62.00330;11.3;;;240.5;131.0;183.6
SN59110;Kråkenes;4.98650;62.03400;12.6;14.2;-1.6;;;
SN59250;Refvik;5.08780;61.99850;;;;214.2;161.0;133.0
SN59450;Stadlandet;5.21150;62.14670;12.5;13.9;-1.4;337.4;218.0;154.8
SN59680;Ørsta-Volda LH;6.07806;62.18041;12.7;14.0;-1.3;;;
SN59695;Eitrefjell ;6.28770;62.16000;9.3;11.0;-1.7;281.6;154.0;182.9
SN59800;Svinøy fyr;5.26800;62.32930;12.6;14.2;-1.6;;;
SN60;Linnes;12.49900;61.55810;;;;165.9;109.0;152.2
SN60190;Roaldshornet;6.84900;62.30650;7.0;8.4;-1.4;;;
SN6020;Flisa;12.01252;60.61422;15.1;15.0;0.1;49.5;85.0;58.2
SN60400;Norddal;7.23856;62.24738;12.9;;;107.8;78.0;138.2
SN60500;Tafjord;7.42180;62.23050;13.1;14.6;-1.5;87.0;67.0;129.9
SN60620;Grønning;7.51398;62.32900;11.4;;;138.9;97.0;143.2
SN60640;Valldal;7.25250;62.29700;13.7;15.1;-1.4;88.7;76.0;116.7
SN60650;Linge;7.21730;62.28800;13.5;14.8;-1.3;104.6;76.0;137.6
SN60800;Ørskog;6.81670;62.47750;13.1;14.3;-1.2;190.2;129.0;147.4
SN60810;Lebergsfjellet ;6.87170;62.51580;9.3;11.1;-1.8;;;
SN60945;Ålesund;6.21080;62.47030;13.2;14.8;-1.6;225.5;126.0;179.0
SN60990;Vigra;6.11500;62.56170;12.9;14.3;-1.4;;;
SN61060;Rekdal;6.75520;62.65120;12.7;14.1;-1.4;;;
SN61340;Åndalsnes;7.67200;62.56430;13.3;14.5;-1.2;172.4;92.0;187.4
SN61410;Mannen;7.77030;62.45550;6.0;7.5;-1.5;;;
SN61420;Marstein;7.83550;62.44580;13.0;14.3;-1.3;115.0;90.0;127.8
SN61630;Bjorli;8.20000;62.25830;11.0;11.8;-0.8;53.9;66.0;81.7
SN61820;Eresfjord;8.10500;62.66300;;;;211.5;139.0;152.2
SN62160;Istad;7.70020;62.80500;;;;145.7;135.0;107.9
SN62270;Molde LH;7.26170;62.74430;13.4;14.7;-1.3;;;
SN62290;Molde − Nøisomhed;7.22750;62.74130;13.4;;;247.9;125.0;198.3
SN62295;Hindalsrøra;7.20880;62.75600;11.5;12.9;-1.4;169.2;145.0;116.7
SN62480;Ona;6.53780;62.85850;12.6;14.2;-1.6;;;
SN62700;Hostadvatn;7.24360;62.90870;12.2;13.5;-1.3;193.7;189.0;102.5
SN62900;Eide;7.38960;62.89090;;;;190.6;167.0;114.1
SN62980;Reinsfjellet;7.92500;62.93000;7.2;8.8;-1.6;;;
SN63420;Sunndalsøra;8.54730;62.67850;13.7;15.2;-1.5;130.1;100.0;130.1
SN63580;Ångårdsvatnet;9.19670;62.67080;;;;58.0;84.0;69.0
SN63630;Storhornet ;9.39200;62.63520;4.6;5.8;-1.2;;;
SN63705;Oppdal;9.66600;62.60270;11.4;12.1;-0.7;45.6;85.0;53.6
SN63820;Drivdalen;9.58176;62.44750;11.0;11.6;-0.6;56.0;82.0;68.3
SN64300;Karihola;7.70270;63.12570;;;;89.4;95.0;94.1
SN64330;Kristiansund LH;7.81580;63.10930;12.7;14.2;-1.5;;;
SN6440;Vermundsjøen;12.36900;60.69250;;;;67.6;91.0;74.3
SN64510;Tingvoll;8.18620;62.91330;13.1;14.5;-1.4;121.1;121.0;100.1
SN64700;Innerdalen;8.77541;62.72189;11.2;12.7;-1.5;196.7;166.0;118.5
SN64760;Sylte;8.68950;62.98530;13.4;14.2;-0.8;136.9;121.0;113.1
SN64870;Tågdalen;9.08789;63.04933;10.9;12.4;-1.5;92.9;124.0;74.9
SN65230;Hemne (Lenes);9.01150;63.26130;;;;189.7;114.0;166.4
SN65310;Veiholmen;7.94820;63.51760;12.9;14.0;-1.1;;;
SN65370;Smøla;8.06300;63.41970;;;;125.2;102.0;122.7
SN65451;Hitra;9.11232;63.51842;12.9;14.1;-1.2;114.6;113.0;101.4
SN65940;Sula;8.45430;63.84290;12.8;13.7;-0.9;;;
SN66150;Orkanger;9.84950;63.31530;13.0;13.8;-0.8;116.0;72.0;161.1
SN66620;Rennebu;9.83540;62.86400;;;;97.5;90.0;108.3
SN66850;Kvikne;10.27100;62.59620;;;;68.1;86.0;79.2
SN67140;Skjetlein;10.29730;63.34030;12.7;14.1;-1.4;132.2;103.0;128.3
SN67150;Leinstrand;10.27330;63.32810;;;;166.8;99.0;168.5
SN67280;Soknedal;10.17880;62.95350;11.8;12.8;-1.0;118.3;97.0;122.0
SN67560;Kotsøy;10.56080;62.97630;12.7;13.7;-1.0;141.5;110.0;128.6
SN67780;Ålen;11.20580;62.85230;;;;109.1;93.0;117.3
SN68050;Lade;10.44280;63.44280;13.4;14.9;-1.5;174.4;84.0;207.6
SN68120;Saupstad;10.35970;63.36280;12.5;13.8;-1.3;172.6;100.0;172.6
SN68125;Sverresborg;10.34980;63.42230;12.0;13.4;-1.4;174.3;99.0;176.1
SN68230;Risvollan;10.42282;63.39861;12.7;;;168.1;93.0;180.8
SN68270;Løksmyr;10.43690;63.23150;;;;165.2;114.0;144.9
SN68290;Selbu;11.00750;63.22480;12.8;13.9;-1.1;123.1;88.0;139.9
SN68420;Aunet;11.56690;63.05560;;;;144.6;105.0;137.7
SN68860;Trondheim − Voll;10.45380;63.41070;12.6;14.1;-1.5;162.7;84.0;193.7
SN68863;Trondheim - Voll PLU;10.45350;63.41070;12.5;14.1;-1.6;166.6;89.0;187.2
SN69020;Ranheim;10.51500;63.42680;13.3;14.7;-1.4;154.8;80.0;193.5
SN69100;Værnes;10.93050;63.45970;13.4;14.6;-1.2;131.9;83.0;158.9
SN69150;Kvithamar;10.87961;63.48813;12.9;14.6;-1.7;147.4;90.0;163.8
SN69380;Meråker;11.72790;63.41129;12.5;13.5;-1.0;111.8;90.0;124.2
SN69420;Kluksdal;11.90450;63.28550;;;;158.0;110.0;143.6
SN69550;Hegra (Østås);11.35360;63.48710;;;;191.0;123.0;155.3
SN69655;Frosta;10.69320;63.56520;13.4;14.8;-1.4;225.3;91.0;247.6
SN69960;Buran;11.54360;63.71990;;;;157.8;95.0;166.1
SN700;Drevsjø;12.04620;61.88700;11.0;11.2;-0.2;108.8;88.0;123.6
SN70510;Vera;12.38040;63.78562;11.1;;;116.2;93.0;124.9
SN70680;Mære;11.42550;63.94250;13.0;14.3;-1.3;129.7;;
SN70820;Utgård;11.72900;64.11630;;;;108.8;86.0;126.5
SN70850;Snåsa - Kjevlia;12.46920;64.15870;12.0;13.1;-1.1;109.2;92.0;118.7
SN70930;Snåsa (Nagelhus);12.43797;64.24898;;;;123.4;89.0;138.7
SN71000;Steinkjer;11.44930;64.02170;13.3;14.5;-1.2;118.3;76.0;155.7
SN71320;Rissa;9.97007;63.58571;12.9;14.4;-1.5;215.2;111.0;193.9
SN71550;Ørland;9.61040;63.70440;13.1;14.1;-1.0;126.7;91.0;139.2
SN71780;Åfjord;10.22370;63.96780;12.6;14.3;-1.7;246.2;129.0;190.9
SN71850;Halten fyr;9.40520;64.17270;12.7;13.6;-0.9;;;
SN71900;Bessaker;10.32570;64.24480;;;;157.8;105.0;150.3
SN71990;Buholmråsa fyr;10.45500;64.40130;13.2;14.1;-0.9;;;
SN72580;Namsos LH;11.57050;64.47080;13.2;14.2;-1.0;;;
SN72710;Skogmo;12.01905;64.51032;12.9;13.7;-0.8;138.8;;
SN730;Valdalen;12.17220;62.07580;;;;128.0;101.0;126.7
SN73250;Sørli;13.76510;64.24325;;;;88.1;78.0;112.9
SN73550;Gartland;12.38370;64.53100;12.2;13.0;-0.8;107.9;90.0;119.9
SN73800;Tunnsjø;13.65060;64.68370;;;;104.5;86.0;121.5
SN7420;Rena øvingsfelt;11.49939;61.37635;10.2;10.6;-0.4;175.5;134.0;131.0
SN74350;Namsskogan;12.84600;64.74220;12.2;13.4;-1.2;105.4;83.0;127.0
SN75020;Otterøy;11.28055;64.52280;;;;137.9;97.0;142.2
SN75100;Liafoss;11.95470;64.83820;;;;249.3;140.0;178.1
SN75220;Rørvik;11.14080;64.83500;12.9;13.7;-0.8;;;
SN75410;Nordøyan fyr;10.54930;64.79770;12.8;13.5;-0.7;;;
SN75550;Sklinna fyr;10.99650;65.20230;12.7;13.2;-0.5;;;
SN76240;Kvaløyfjellet;11.99280;65.21930;10.8;12.2;-1.4;;;
SN76250;Sømna (Stein);12.16440;65.29650;;;;186.7;111.0;168.2
SN76330;Brønnøysund;12.21959;65.46072;13.3;14.0;-0.7;;;
SN76450;Vega;11.85620;65.70170;12.8;13.2;-0.4;90.5;85.0;106.5
SN76530;Tjøtta;12.42550;65.82950;12.7;13.9;-1.2;152.1;96.0;158.4
SN7660;Åkrestrømmen;11.20420;61.69600;;;;117.1;83.0;141.1
SN76750;Sandnessjøen;12.47850;65.96350;13.0;13.9;-0.9;;;
SN770;Ellefsplass;11.45250;62.20400;;;;86.4;93.0;92.9
SN77230;Mosjøen LH;13.21800;65.78420;12.4;13.1;-0.7;86.5;89.0;97.2
SN77280;Laksfors;13.28920;65.62150;12.6;13.0;-0.4;106.5;86.0;123.8
SN77425;Majavatn;13.36670;65.16620;11.3;12.4;-1.1;103.5;88.0;117.6
SN77490;Kappfjellet;13.44830;65.31430;7.1;8.5;-1.4;;;
SN77850;Susendal;14.24580;65.36750;;;;81.3;75.0;108.4
SN78250;Leirfjord;12.90980;66.06680;;;;203.9;140.0;145.6
SN78350;Bardal;13.39170;66.21780;;;;127.6;107.0;119.3
SN78360;Seljelia;13.58670;66.13170;11.9;12.8;-0.9;113.7;99.0;114.8
SN78370;Bjerka (Valla);13.80670;66.14150;;;;109.8;86.0;127.7
SN78800;Varntresk;14.19420;65.82550;10.7;12.0;-1.3;63.8;79.0;80.8
SN7920;Finstad - Nyhus;11.03550;62.10830;;;;86.0;82.0;104.9
SN79220;Skamdal;13.90400;66.23480;12.2;13.2;-1.0;122.4;92.0;133.0
SN7950;Rena flyplass;11.37470;61.18470;13.5;13.3;0.2;;;
SN79600;Mo i Rana LH;14.30150;66.36430;12.3;13.1;-0.8;;;
SN79700;Storforshei;14.53000;66.39620;12.1;12.7;-0.6;104.6;81.0;129.1
SN79764;Dunderlandsdalen;14.95400;66.49930;11.2;12.0;-0.8;89.6;107.0;83.7
SN80102;Solvær;12.61100;66.37050;12.9;13.4;-0.5;;;
SN80200;Lurøy;13.18480;66.38920;12.1;13.0;-0.9;324.1;219.0;148.0
SN80340;Træna (Husøy);12.09280;66.49940;;;;87.5;79.0;110.8
SN80610;Myken;12.48600;66.76280;12.4;12.8;-0.4;95.2;66.0;144.2
SN80700;Glomfjord;13.97930;66.81020;12.3;13.2;-0.9;;;
SN80705;Skihytta;13.94800;66.82750;9.8;10.8;-1.0;187.5;130.0;144.2
SN80707;Tverrfjellet;13.90670;66.83030;6.9;8.1;-1.2;;;
SN80740;Reipå;13.64600;66.90350;13.1;13.0;0.1;;;
SN80880;Våtvikfjellet;14.16790;67.09438;8.9;9.4;-0.5;;;
SN810;Tufsingdal;11.73200;62.27760;;;;104.9;92.0;114.0
SN8140;Evenstad;11.07937;61.42727;13.2;13.6;-0.4;;;
SN81650;Saltdal − Nordnes;15.31550;66.93680;12.2;12.6;-0.4;66.2;50.0;132.4
SN81775;Lønsdal;15.46280;66.74350;10.4;11.2;-0.8;48.4;51.0;94.9
SN82000;Setså;15.48570;67.16580;12.1;13.1;-1.0;119.8;76.0;157.6
SN82110;Valnesfjord;15.10182;67.27642;12.6;13.2;-0.6;90.5;85.0;106.5
SN82290;Bodø;14.38263;67.27265;12.7;13.2;-0.5;114.3;85.0;134.5
SN82310;Skivika;14.43090;67.30840;13.0;;;116.5;76.0;153.3
SN82410;Helligvær;13.89580;67.40480;12.5;12.8;-0.3;;;
SN82560;Kjerringøy − Strandå;14.87220;67.54370;;;;126.0;103.0;122.3
SN82720;Sisovatnet;15.82820;67.33350;8.8;8.9;-0.1;121.2;160.0;75.8
SN82840;Strøksnes;15.49530;67.52580;;;;130.0;92.0;141.3
SN83300;Steigen;15.11051;67.92257;;;;77.5;95.0;81.6
SN83710;Drag;16.08288;68.04844;12.9;13.1;-0.2;45.0;67.0;67.2
SN84070;Bjørkåsen;16.78830;68.33000;;;;73.4;97.0;75.7
SN84210;Losistua;17.79050;68.19050;8.9;9.5;-0.6;54.3;73.0;74.4
SN8450;Atndalen (nedre);10.50100;61.79100;;;;88.9;80.0;111.1
SN84500;Straumsnes;17.66200;68.43200;11.7;12.1;-0.4;85.7;87.0;98.5
SN84630;Fagernesfjellet;17.48020;68.42100;6.6;7.0;-0.4;;;
SN84880;Katterat;17.96600;68.39950;10.6;11.3;-0.7;116.7;112.0;104.2
SN84900;Bjørnfjell;18.07670;68.43230;9.5;10.1;-0.6;101.5;89.0;114.0
SN84970;Evenes LH;16.68330;68.49120;12.5;12.2;0.3;;;
SN85040;Rotvær;15.94300;68.36800;12.7;12.7;0.0;;;
SN85080;Kanstadbotn;15.87686;68.51699;11.9;11.6;0.3;104.5;125.0;83.6
SN85380;Skrova fyr;14.64850;68.15350;13.0;13.3;-0.3;;;
SN85440;Vågan;14.65220;68.32670;;;;110.3;143.0;77.1
SN85450;Svolvær LH;14.66547;68.24157;12.5;12.7;-0.2;;;
SN85470;Kongsmarka;14.47930;68.24170;;;;143.2;132.0;108.5
SN85560;Leknes LH;13.61214;68.15579;12.1;12.1;0.0;72.6;55.0;132.0
SN85840;Værøy;12.72280;67.65270;12.3;12.1;0.2;;;
SN85890;Røst;12.10380;67.52670;12.2;11.8;0.4;51.3;62.0;82.7
SN86520;Kleiva;15.28323;68.64811;12.0;12.4;-0.4;118.5;79.0;150.0
SN86600;Stokmarknes LH;15.02894;68.58010;11.9;12.2;-0.3;;;
SN86740;Bø Vesterålen;14.43470;68.60720;12.3;12.4;-0.1;74.4;58.0;128.3
SN87000;Ånstadblåheia;15.31120;68.71830;8.7;9.2;-0.5;;;
SN87110;Andøya LH;16.13120;69.30730;11.4;11.6;-0.2;98.5;69.0;142.8
SN87120;Trolltinden;16.00300;69.24130;8.5;8.9;-0.4;;;
SN8720;Atnsjøen;10.13980;61.89020;;;;86.6;96.0;90.2
SN87640;Harstad;16.53620;68.80290;12.1;12.4;-0.3;55.4;58.0;95.5
SN87772;Sætertinden;16.36080;68.58630;4.4;5.6;-1.2;;;
SN88100;Bardu;18.24420;68.64570;11.1;11.8;-0.7;51.0;85.0;60.0
SN88200;Laukhella;17.90130;69.23480;;;;84.1;80.0;105.1
SN88690;Hekkingen fyr;17.83117;69.60050;11.6;11.7;-0.1;;;
SN8880;Alvdal ;10.62680;62.10930;12.0;12.0;0.0;58.7;;
SN89010;Kistefjell;18.12880;69.28970;6.0;6.3;-0.3;;;
SN89350;Bardufoss;18.54370;69.05770;12.0;12.3;-0.3;50.1;65.0;77.1
SN89940;Dividalen;19.70167;68.78167;10.8;11.2;-0.4;63.1;71.0;88.9
SN89980;Tamokdalen;19.62780;69.09350;10.7;11.2;-0.5;112.6;94.0;119.8
SN89985;Sjufjellet;19.54420;69.10250;5.9;6.2;-0.3;;;
SN90100;Pålfinnmoen;18.67730;69.41400;11.5;11.9;-0.4;77.6;111.0;69.9
SN90110;Skolten ;18.62080;69.42290;7.5;8.0;-0.5;;;
SN90400;Tromsø (Holt);18.90950;69.65380;11.3;11.3;0.0;84.1;80.0;105.1
SN90450;Tromsø (Vervarslinga);18.93680;69.65370;11.2;11.3;-0.1;87.1;88.0;99.0
SN90451;Tromsø PLU;18.93650;69.65370;;;;84.6;72.0;117.5
SN90490;Tromsø LH;18.91330;69.67670;11.3;11.3;0.0;;;
SN90495;Stakkevollan ;18.98200;69.69420;11.1;11.2;-0.1;85.0;85.0;100.0
SN90510;Tromsdalen ;19.00650;69.65080;10.8;10.8;0.0;82.4;82.0;100.5
SN90560;Kvaløysletta ;18.87720;69.69880;11.1;11.3;-0.2;81.1;79.0;102.7
SN90650;Grunnfjord;19.57300;70.00830;;;;63.7;68.0;93.7
SN90720;Måsvik;18.69380;69.99030;11.6;11.7;-0.1;;;
SN90760;Fakken;20.11451;70.10426;10.9;10.5;0.4;;;
SN90800;Torsvåg fyr;19.49970;70.24520;11.2;11.2;0.0;;;
SN91080;Ytre Holmebukt;19.71300;69.50000;;;;83.8;76.0;110.3
SN91120;Lyngen;20.15180;69.55980;8.5;8.9;-0.4;;;
SN91130;Lyngen;20.09400;69.55880;8.4;8.8;-0.4;;;
SN91150;Lyngen - Ura;20.09307;69.58870;11.8;;;70.1;75.0;93.5
SN91180;Straumen ;20.13870;69.89150;11.6;11.2;0.4;;;
SN91251;Váddjá;20.52680;69.47220;11.7;12.0;-0.3;;;
SN91380;Skibotn;20.28230;69.38750;12.0;12.3;-0.3;53.0;48.0;110.4
SN91430;Rihpojávri;20.57950;69.22350;9.9;9.8;0.1;;;
SN91530;Gámanjunni ;20.57870;69.48180;4.7;5.0;-0.3;;;
SN91551;Holmen;20.86930;69.48020;12.2;12.6;-0.4;;;
SN9160;Folldal;9.99476;62.12799;10.5;10.7;-0.2;79.7;78.0;102.2
SN91725;Skjervøy;20.96250;70.03320;;;;51.8;62.0;83.5
SN91729;Trolltinden;20.43100;70.07500;5.7;7.1;-1.4;;;
SN91740;Sørkjosen;20.95240;69.79020;11.7;12.0;-0.3;;;
SN92350;Nordstraum;21.89580;69.83620;11.7;12.0;-0.3;59.3;55.0;107.8
SN92650;Nuvsvåg;22.07050;70.23680;11.1;11.5;-0.4;118.6;153.0;77.5
SN92750;Hasvik LH;22.14570;70.48650;11.2;11.3;-0.1;;;
SN92860;Dealljá;22.34130;70.17280;8.6;8.8;-0.2;;;
SN92910;Sopnesbukt;22.32430;70.05180;;;;53.7;59.0;91.0
SN93000;Hasvik;22.44280;70.60700;8.5;8.4;0.1;;;
SN9310;Hjerkinn;9.54196;62.22058;8.9;9.7;-0.8;66.6;62.0;107.4
SN93140;Alta LH;23.35820;69.97750;12.3;12.3;0.0;41.1;47.0;87.4
SN93301;Suolovuopmi;23.53450;69.57970;9.9;9.9;0.0;48.5;57.0;85.1
SN93700;Kautokeino (Guovdageaidnu);23.03490;68.99640;10.9;11.1;-0.2;68.2;67.0;101.8
SN9380;Snøheim;9.35200;62.29580;5.9;6.6;-0.7;;;
SN93900;Šihččajávri;23.53953;68.75597;10.8;10.7;0.1;68.1;92.0;74.0
SN94230;Rognsundet;22.81770;70.41070;11.4;11.1;0.3;;;
SN94280;Hammerfest;23.67720;70.68070;10.7;10.6;0.1;54.7;59.0;92.7
SN94500;Fruholmen fyr;23.98376;71.09445;10.3;10.1;0.2;;;
SN94680;Honningsvåg;25.97820;71.01050;10.6;10.2;0.4;38.8;;
SN94800;Repvåg;25.61610;70.77310;;;;35.7;52.0;68.7
SN95350;Banak;24.97930;70.06000;11.7;11.6;0.1;;;
SN95590;BØRSELV;25.56480;70.31186;;;;60.2;69.0;87.2
SN9580;Tynset;10.73527;62.26969;11.6;11.9;-0.3;74.7;68.0;109.9
SN96220;Lebesby;26.99800;70.58117;11.3;;;48.5;65.0;74.6
SN96310;Mehamn LH;27.82980;71.03300;10.7;10.5;0.2;41.8;;
SN96400;Slettnes fyr;28.21700;71.08880;10.4;9.9;0.5;;;
SN96600;Skjånes;28.09950;70.80000;;;;54.5;46.0;118.5
SN96850;Deanušaldi;28.15900;70.21220;11.4;11.1;0.3;43.2;54.0;80.0
SN96931;Polmak;27.96384;70.08712;;;;24.9;58.0;42.9
SN97251;Karasjok;25.50230;69.46350;11.4;11.1;0.3;38.7;58.0;66.7
SN97350;Čoavddatmohkki;24.43150;69.36960;10.4;11.0;-0.6;34.5;65.0;53.1
SN97710;Iškoras ;25.34600;69.30030;9.1;8.7;0.4;;;
SN98090;Berlevåg;29.04240;70.87315;10.7;10.4;0.3;;;
SN98360;Båtsfjord;29.69906;70.60363;10.0;9.8;0.2;;;
SN98400;Makkaur fyr;30.07000;70.70570;11.0;10.3;0.7;;;
SN98550;Vardø radio;31.09620;70.37070;10.5;10.1;0.4;27.0;55.0;49.1
SN98580;Vardø LH;31.05023;70.35129;10.6;9.9;0.7;;;
SN9870;Blanktjernmoen;10.42800;62.43430;;;;75.9;81.0;93.7
SN98790;Vadsø LH;29.83520;70.06530;11.2;10.2;1.0;;;
SN98978;Boazoaivi;28.96480;70.33570;8.4;7.7;0.7;;;
SN99340;Øvre Neiden;29.23210;69.70134;;;;23.3;72.0;32.4
SN99370;Kirkenes lufthavn;29.90570;69.72870;11.9;11.3;0.6;;;
SN99460;Svanvik;30.04100;69.45520;12.0;11.7;0.3;14.2;69.0;20.6
SN99500;Skogfoss;29.69201;69.37198;;;;21.4;67.0;31.9
SN99540;Nyrud;29.24272;69.14757;12.1;11.9;0.2;30.4;77.0;39.5
SN99710;Bjørnøya;18.99800;74.50350;5.6;5.7;-0.1;39.3;32.0;122.8
SN99720;Hopen;25.01330;76.50970;4.5;3.8;0.7;40.4;33.0;122.4
SN99735;Edgeøya;22.82250;78.25080;3.8;3.2;0.6;;;
SN99840;Svalbard LH;15.50150;78.24530;5.8;6.0;-0.2;24.9;23.0;108.3
SN99910;Ny-Ålesund;11.93250;78.92180;4.5;4.6;-0.1;71.5;38.0;188.2
SN99927;Verlegenhuken;16.24330;80.05550;3.4;2.9;0.5;;;
SN99950;Jan Mayen;-8.66900;70.93940;6.4;6.3;0.1;20.7;57.0;36.3
