stasjonsID;stasjonsnavn;lengdegrad;breddegrad;temperatur_degC;temperaturnormal_degC;temperaturavvik_degC;nedbor_mm;nedbornormal_mm;nedbor_prosent_av_normal
SN100;Plassen;12.50390;61.13490;;;;16.5;80.0;20.6
SN10300;Håsjøen;11.77520;62.46980;;;;2.3;45.0;5.1
SN10380;Røros;11.34870;62.57810;7.9;1.2;6.7;2.8;40.0;7.0
SN10600;Aursund;11.45501;62.67401;;;;5.0;53.0;9.4
SN1070;HVALER;11.03215;59.04188;13.8;7.7;6.1;;;
SN10800;Sølendet;11.81530;62.67930;7.3;1.2;6.1;4.7;49.0;9.6
SN11500;Apelsvoll;10.86950;60.70020;10.9;4.8;6.1;4.9;63.0;7.8
SN11710;Einavatn;10.64080;60.59505;;;;6.7;74.0;9.1
SN11900;Biri;10.59540;60.95180;;;;7.2;84.0;8.6
SN12180;Ilseng;11.20280;60.80280;10.9;4.3;6.6;6.4;;
SN12290;Hamar (Disen);11.09480;60.80056;11.1;5.0;6.1;6.8;49.0;13.9
SN1230;Halden;11.38800;59.12230;;;;16.7;104.0;16.1
SN12320;Hamar − Stavsberg;11.06970;60.81800;10.9;5.0;5.9;9.8;48.0;20.4
SN12550;Kise på Hedmark;10.80550;60.77330;11.8;5.4;6.4;5.0;57.0;8.8
SN12600;Vea;10.67905;60.95295;;;;4.8;69.0;7.0
SN12648;Rådhuset ;10.46750;61.11450;10.9;4.8;6.1;6.3;;
SN12680;Sæterengen;10.47620;61.09170;10.2;4.1;6.1;5.3;69.0;7.7
SN12700;Vårsætergrenda ;10.51120;61.10400;9.2;3.0;6.2;;;
SN12710;Nordsetervegen ;10.51430;61.14310;8.4;2.6;5.8;6.6;;
SN12960;Sjusjøen;10.70880;61.16380;6.1;;;11.0;107.0;10.3
SN12980;Bjørnerud ;10.45480;61.14780;9.7;3.7;6.0;8.7;;
SN13030;Follebu;10.26141;61.22651;9.2;3.2;6.0;7.6;;
SN13060;Gausdal;10.17377;61.27285;;;;10.0;73.0;13.7
SN13150;Fåvang;10.18720;61.45820;10.1;3.3;6.8;6.7;65.0;10.3
SN13160;Kvitfjell;10.12662;61.46474;5.5;0.1;5.4;;;
SN13420;Venabu;10.10820;61.65130;5.8;0.0;5.8;11.0;63.0;17.5
SN13655;Skåbu;9.40209;61.53098;6.3;0.5;5.8;10.1;44.0;23.0
SN1400;Brekke sluse;11.55830;59.14770;;;;22.2;108.0;20.6
SN14200;Leirflaten;9.15424;61.72459;7.6;0.7;6.9;5.9;;
SN14550;Preststulen;9.00840;61.92250;;;;6.3;42.0;15.0
SN14711;Grov;9.01104;61.81301;;;;4.3;44.0;9.8
SN15262;Juvflye;8.36850;61.67400;1.8;-3.2;5.0;;;
SN15270;Juvvasshøe;8.36900;61.67750;1.3;-3.6;4.9;;;
SN15430;Bøverdal;8.24230;61.71950;7.2;1.3;5.9;19.8;49.0;40.4
SN15480;Skjåk (Øygarden);8.46720;61.87770;;;;0.9;23.0;3.9
SN15890;Grotli;7.66374;62.01647;6.9;0.5;6.4;23.2;69.0;33.6
SN16040;Otta;9.54130;61.77820;9.9;3.1;6.8;7.7;;
SN16271;Høvringen;9.47980;61.88830;6.5;0.4;6.1;8.3;39.0;21.3
SN16400;Lannem;9.21430;62.01720;9.1;2.5;6.6;;;
SN1650;Strømsfoss;11.65990;59.30060;;;;14.4;102.0;14.1
SN16560;Dombås;9.11470;62.07165;8.5;2.1;6.4;2.0;29.0;6.9
SN16610;Fokstugu;9.28620;62.11330;6.6;0.6;6.0;4.4;37.0;11.9
SN17000;Strømtangen;10.82830;59.15155;14.4;8.6;5.8;4.1;86.0;4.8
SN17050;Tomb;10.81450;59.31880;12.4;6.9;5.5;15.2;;
SN17150;Rygge;10.79800;59.37420;12.9;7.2;5.7;11.8;111.0;10.6
SN17280;Gullholmen;10.57800;59.43520;13.7;8.2;5.5;;;
SN17380;Huggenes;10.75430;59.39800;12.6;7.0;5.6;10.2;109.0;9.4
SN17775;Fagerstrand ;10.58860;59.73770;;;;6.1;90.0;6.8
SN17780;Blekslitjern;10.63080;59.80950;;;;6.1;84.0;7.3
SN17810;Tangenåsen;10.66220;59.85530;;;;5.3;83.0;6.4
SN17850;Ås;10.78180;59.66050;12.0;6.1;5.9;6.4;105.0;6.1
SN17870;Rustadskogen;10.81040;59.67040;11.7;5.9;5.8;7.0;106.0;6.6
SN180;Trysil Mosanden;12.27583;61.29557;8.8;2.3;6.5;10.0;87.0;11.5
SN18020;Lambertseter;10.81850;59.87750;;;;4.8;97.0;4.9
SN18180;Trasop;10.84700;59.90700;;;;4.8;93.0;5.2
SN18195;Høyenhall;10.82120;59.90330;;;;4.8;85.0;5.6
SN18210;Hovin;10.80400;59.92300;12.6;6.9;5.7;4.7;90.0;5.2
SN18215;Brobekk;10.83150;59.93230;;;;5.0;83.0;6.0
SN18233;Nyland;10.86400;59.94520;;;;6.0;90.0;6.7
SN18235;Furuset ;10.89720;59.94200;;;;6.7;93.0;7.2
SN18245;Ammerud;10.87370;59.96520;;;;6.9;96.0;7.2
SN18270;Vestli;10.91850;59.96830;10.9;;;11.0;90.0;12.2
SN18390;Bjølsen;10.74830;59.94180;;;;8.6;97.0;8.9
SN18405;Sandaker;10.77270;59.93980;;;;6.7;87.0;7.7
SN18420;Disen;10.79030;59.94600;;;;6.8;99.0;6.9
SN18440;Kjelsås;10.77564;59.95995;;;;7.3;97.0;7.5
SN18450;Maridalsoset;10.78936;59.97187;;;;6.1;108.0;5.6
SN18500;Bjørnholt;10.68787;60.05142;9.7;4.2;5.5;12.8;141.0;9.1
SN18645;Solli plass;10.72020;59.91420;;;;5.9;78.0;7.6
SN18700;Oslo (Blindern);10.72000;59.94230;12.0;6.6;5.4;8.9;93.0;9.6
SN18703;Blindern test;10.71940;59.94256;;;;7.2;87.0;8.3
SN18920;Besserud;10.67100;59.95730;;;;7.6;104.0;7.3
SN18950;Tryvannshøgda;10.66923;59.98480;9.3;4.1;5.2;20.1;123.0;16.3
SN19455;Kommunegården;10.52430;59.88920;;;;7.3;97.0;7.5
SN19458;Nadderud;10.58780;59.92480;;;;7.5;90.0;8.3
SN19490;Gjettum PLU;10.51220;59.90580;;;;9.3;98.0;9.5
SN19510;Øvrevoll;10.62270;59.94046;;;;11.8;93.0;12.7
SN19530;Aurevann;10.46010;59.99670;;;;7.1;98.0;7.2
SN19710;Asker - Sem;10.43580;59.85580;11.4;6.1;5.3;12.6;115.0;11.0
SN19940;Lier;10.25980;59.79080;11.9;5.9;6.0;12.4;;
SN20280;Hverven;10.26617;60.14033;12.1;5.6;6.5;8.4;68.0;12.4
SN20301;Hønefoss;10.24780;60.16650;12.0;5.5;6.5;8.4;62.0;13.5
SN20520;Lunner;10.57516;60.29517;10.3;;;8.7;81.0;10.7
SN20540;Gran;10.55920;60.35580;10.7;4.7;6.0;7.8;73.0;10.7
SN21680;Vest-Torpa;10.03580;60.93450;8.1;2.4;5.7;8.3;80.0;10.4
SN22730;Hedal i Valdres;9.72380;60.61970;;;;8.8;87.0;10.1
SN22840;Reinli;9.49050;60.83460;;;;16.0;70.0;22.9
SN23410;Fagernes LH;9.30141;61.00279;7.1;1.4;5.7;;;
SN23420;Fagernes;9.22400;60.97850;10.1;3.4;6.7;13.0;52.0;25.0
SN23500;Løken i Volbu;9.06300;61.12200;8.6;2.6;6.0;15.5;57.0;27.2
SN23550;Beitostølen;8.92257;61.25094;6.1;1.0;5.1;17.5;65.0;26.9
SN23560;Beito;8.85570;61.24330;;;;17.6;75.0;23.5
SN23720;Vang i Valdres;8.56900;61.12400;;;;12.4;59.0;21.0
SN24600;Krødsherad;9.59606;60.13710;;;;18.8;92.0;20.4
SN24710;Gulsvik;9.60500;60.38300;11.1;5.0;6.1;11.4;90.0;12.7
SN24890;Nesbyen;9.13233;60.56692;9.3;3.1;6.2;11.9;46.0;25.9
SN24960;Gol − Stake;8.94780;60.71880;;;;15.2;46.0;33.0
SN25100;Hemsedal;8.52850;60.87030;;;;20.8;84.0;24.8
SN25110;Hemsedal;8.59294;60.85486;7.7;2.0;5.7;;;
SN25112;Hollekolten;8.51750;60.87050;7.6;1.9;5.7;;;
SN25115;Hemsedal Skis;8.49680;60.83970;4.0;-1.5;5.5;;;
SN25320;Ål;8.56090;60.63910;;;;15.1;57.0;26.5
SN25540;Hol;8.00591;60.67925;6.6;;;17.3;86.0;20.1
SN25630;Geilo;8.19510;60.52990;7.6;1.9;5.7;17.1;66.0;25.9
SN25830;Finse;7.52700;60.59380;4.7;-0.6;5.3;50.6;111.0;45.6
SN26060;Skotselv;9.89480;59.83870;11.7;5.4;6.3;;;
SN2650;Aurskog;11.58020;59.91180;11.2;5.2;6.0;6.9;78.0;8.8
SN26500;Geithus ;9.97280;59.92020;12.9;4.7;8.2;;;
SN26580;Bangeløkka;10.21420;59.73104;12.9;6.4;6.5;5.6;;
SN26590;Drammen Sletta;10.23120;59.74450;13.2;6.4;6.8;5.5;;
SN26594;Danvik ;10.19730;59.73270;;;;5.9;98.0;6.0
SN26630;Vestfossen ;9.87280;59.73230;12.1;5.3;6.8;;;
SN26780;Olleveien;10.05820;59.76550;12.3;5.7;6.6;12.9;108.0;11.9
SN26790;Orkidéhøgda ;10.02750;59.74980;12.4;5.9;6.5;9.7;95.0;10.2
SN26802;Åsen;10.02580;59.73280;10.8;;;11.1;132.0;8.4
SN26820;Hokksund;9.89220;59.76130;11.7;5.5;6.2;16.2;91.0;17.8
SN26840;Langeløkka ;10.01230;59.76580;11.8;5.3;6.5;9.0;113.0;8.0
SN26852;Bragernes skole ;10.22580;59.74870;;;;5.8;88.0;6.6
SN26864;Drammen sykehus ;10.19500;59.74970;;;;5.2;93.0;5.6
SN26872;Øren skole ;10.17050;59.75230;;;;5.0;91.0;5.5
SN26898;Åssiden ;10.13820;59.75380;;;;6.0;94.0;6.4
SN26900;Berskog;10.12062;59.75383;12.1;5.8;6.3;9.7;89.0;10.9
SN26934;Solumstrand ;10.26880;59.71120;;;;6.9;92.0;7.5
SN26950;Svelvik - Knem;10.40470;59.60270;12.3;6.9;5.4;7.4;135.0;5.5
SN26990;Galleberg;10.21504;59.61933;11.7;6.1;5.6;9.2;103.0;8.9
SN26996;Lauvkollmyr;10.10400;59.64690;9.1;3.2;5.9;1.2;;
SN27010;Konnerud ;10.14600;59.71300;10.5;4.8;5.7;9.0;119.0;7.6
SN27015;Jarlsbergveien ;10.14580;59.71920;;;;5.4;91.0;5.9
SN27120;Nykirke;10.38470;59.42830;11.7;6.5;5.2;4.7;129.0;3.6
SN27160;Horten;10.46470;59.41980;12.4;7.2;5.2;5.5;123.0;4.5
SN27270;Tønsberg (Kilen);10.43120;59.27820;12.8;7.3;5.5;7.4;106.0;7.0
SN27301;Ramnes;10.25010;59.35620;;;;8.4;126.0;6.7
SN27315;Ramnes (Kile) ;10.23970;59.38080;11.8;6.4;5.4;7.5;130.0;5.8
SN27330;Taranrød;10.29830;59.29380;11.8;6.6;5.2;;;
SN27400;Føynland;10.45604;59.23662;13.1;7.8;5.3;;;
SN27403;Knarrberg;10.45442;59.20840;13.4;7.8;5.6;;;
SN27406;Torød;10.42380;59.16900;13.4;7.8;5.6;23.9;122.0;19.6
SN27420;Tjøme;10.39800;59.12050;13.5;7.9;5.6;5.6;121.0;4.6
SN27433;Tenvik;10.36550;59.17450;13.5;7.7;5.8;9.2;115.0;8.0
SN27435;Vestskogen;10.40230;59.24170;12.7;7.2;5.5;9.4;133.0;7.1
SN27450;Melsom;10.34575;59.22974;12.6;7.0;5.6;8.4;136.0;6.2
SN27460;Borgheim;10.41030;59.21730;12.5;7.1;5.4;6.9;111.0;6.2
SN27470;Torp;10.25530;59.18450;12.5;6.7;5.8;;;
SN27500;Færder fyr;10.52420;59.02720;14.6;9.4;5.2;;;
SN27564;Mosserød;10.20250;59.15050;;;;7.8;78.0;10.0
SN27590;Sandefjord ;10.21950;59.12900;;;;7.5;97.0;7.7
SN27600;Sandefjord;10.21470;59.13200;;;;11.4;135.0;8.4
SN27770;Stokke;10.20220;59.27520;;;;8.5;135.0;6.3
SN27780;Tjølling;10.12506;59.04575;13.1;7.7;5.4;10.6;132.0;8.0
SN27800;Hedrum;9.96420;59.19640;12.2;;;10.1;145.0;7.0
SN28380;Kongsberg;9.63770;59.62470;10.9;5.0;5.9;11.8;95.0;12.4
SN28922;Veggli;9.14680;60.04350;10.0;4.3;5.7;15.9;76.0;20.9
SN29350;Uvdal kraftverk;8.70570;60.25500;9.3;2.3;7.0;;;
SN29400;Sandhaug;7.48050;60.18330;4.6;-0.9;5.5;9.9;;
SN29600;Tunhovd;8.75110;60.46290;;;;8.2;51.0;16.1
SN29720;Dagali LH;8.52630;60.41880;7.2;1.1;6.1;;;
SN29950;Svenner fyr;10.14800;58.96880;14.4;9.0;5.4;;;
SN30000;Larvik;10.06670;59.05720;;;;14.2;132.0;10.8
SN30248;Brevik;9.70130;59.05370;;;;7.9;109.0;7.2
SN30249;Langangen ;9.80200;59.08750;;;;8.3;118.0;7.0
SN30255;Porsgrunn (Ås);9.66030;59.08720;12.7;7.1;5.6;8.5;122.0;7.0
SN30261;Porsgrunn;9.63850;59.13530;;;;7.6;108.0;7.0
SN30270;Kjølnes;9.66630;59.14050;;;;7.2;97.0;7.4
SN30320;Skien (Elstrøm);9.58950;59.19920;;;;8.0;103.0;7.8
SN30330;Gjerpen ;9.57720;59.22680;12.1;6.6;5.5;12.6;109.0;11.6
SN30530;Notodden;9.26430;59.56880;;;;14.8;85.0;17.4
SN30650;Notodden lh;9.21110;59.56660;11.7;4.9;6.8;;;
SN30860;Bergeligrend;9.05800;59.88610;8.5;;;11.8;74.0;15.9
SN30875;Busnesgrend;8.98651;59.81048;10.5;;;15.4;80.0;19.2
SN31080;Tessungdalen;8.70111;60.12843;;;;16.4;80.0;20.5
SN31400;Fyriegg;8.69780;59.86550;7.2;1.6;5.6;;;
SN31410;Rjukan;8.66630;59.88000;;;;17.2;89.0;19.3
SN31500;Frøystul;8.34770;59.82470;7.3;;;15.2;91.0;16.7
SN31520;Groset;8.31422;59.83566;6.8;;;12.5;77.0;16.2
SN31620;Møsstrand;8.17850;59.83970;6.8;1.7;5.1;13.0;83.0;15.7
SN31850;Hjartdal;8.71246;59.60472;;;;16.4;102.0;16.1
SN3190;Sarpsborg;11.11280;59.28509;13.0;7.0;6.0;18.5;105.0;17.6
SN31900;Tuddal;8.80833;59.74648;;;;15.0;90.0;16.7
SN31970;Gaustatoppen;8.65620;59.84970;1.2;-3.0;4.2;;;
SN3200;Baterød;11.13380;59.30720;;;;19.2;105.0;18.3
SN32060;Gvarv;9.21280;59.38220;12.1;6.0;6.1;15.8;77.0;20.5
SN32061;Gvarv (Bioforsk);9.21180;59.38220;11.5;5.4;6.1;14.8;;
SN32220;Lifjell ;8.98370;59.50220;6.0;0.6;5.4;33.2;230.0;14.4
SN32240;Bø;9.02870;59.41750;11.5;5.6;5.9;11.6;85.0;13.6
SN32780;Solum (Høydal);9.26680;59.14440;;;;12.4;117.0;10.6
SN3280;Rakkestad;11.39268;59.46127;;;;17.9;101.0;17.7
SN32890;Høydalsmo;8.19990;59.49652;8.6;3.1;5.5;14.9;107.0;13.9
SN3290;Rakkestad;11.39050;59.38820;12.2;5.8;6.4;18.9;104.0;18.2
SN33300;Honnegrasnuten;7.81730;59.76750;4.0;-0.8;4.8;;;
SN3370;Øsaker;11.04217;59.31933;12.8;6.8;6.0;13.3;117.0;11.4
SN33890;Vågsli;7.36535;59.76637;9.9;1.6;8.3;;;
SN33950;Haukeliseter;7.21430;59.81180;6.6;1.4;5.2;53.7;185.0;29.0
SN34130;Jomfruland;9.57450;58.85650;14.0;8.8;5.2;11.1;;
SN34580;Drangedal;9.06870;59.07670;;;;11.9;113.0;10.5
SN34900;Drangedal;8.76870;59.26470;;;;12.0;134.0;9.0
SN35090;Eikeland;9.09800;58.80370;;;;11.6;164.0;7.1
SN35210;Gjerstad;9.02630;58.87000;11.9;6.3;5.6;10.7;136.0;7.9
SN35340;Risør;9.21104;58.71840;;;;10.3;147.0;7.0
SN35860;Lyngør fyr;9.14780;58.63620;13.7;8.9;4.8;;;
SN36110;Arendal brannst;8.72280;58.46130;;;;14.5;155.0;9.4
SN36200;Torungen fyr;8.78930;58.39880;14.0;9.2;4.8;10.8;116.0;9.3
SN36330;Arendal lh;8.70280;58.51580;12.1;7.1;5.0;;;
SN36490;Bøylefoss;8.71700;58.59670;;;;15.0;172.0;8.7
SN36560;Nelaug;8.63384;58.65541;12.4;6.7;5.7;10.1;161.0;6.3
SN37230;Tveitsund;8.51859;59.02556;11.7;5.9;5.8;12.4;114.0;10.9
SN37500;Foldsæ;8.15170;59.32420;;;;11.9;105.0;11.3
SN37570;Borsæ;7.82762;59.37927;;;;21.1;143.0;14.8
SN3780;Hobøl;11.04680;59.63600;;;;11.1;109.0;10.2
SN38140;Landvik;8.52250;58.34000;12.9;8.0;4.9;10.8;176.0;6.1
SN38380;Dovland;8.03920;58.52340;;;;10.5;183.0;5.7
SN38730;Hynnekleiv;8.41670;58.60070;11.3;5.8;5.5;11.2;138.0;8.1
SN38800;Tovdal;8.22950;58.79380;;;;12.0;153.0;7.8
SN39030;Hånes ;8.09150;58.18130;;;;9.7;161.0;6.0
SN39040;Kjevik;8.07670;58.20000;13.1;7.9;5.2;10.9;170.0;6.4
SN39100;Oksøy fyr;8.05320;58.07320;13.8;9.4;4.4;;;
SN39150;Sømskleiva;8.05200;58.15020;13.3;;;14.3;177.0;8.1
SN39165;Brannstasjonen ;7.99930;58.15550;;;;11.1;170.0;6.5
SN39201;Bråvann;7.93830;58.10950;;;;12.0;151.0;7.9
SN39750;Byglandsfjord;7.80310;58.68627;12.0;6.9;5.1;14.5;138.0;10.5
SN40250;Valle;7.52734;59.19712;10.7;4.8;5.9;18.5;132.0;14.0
SN4040;Enebakk;11.15350;59.75000;;;;9.3;108.0;8.6
SN40420;Bykle;7.34396;59.35058;9.1;;;22.4;124.0;18.1
SN40510;Blåsjø;6.88170;59.33350;5.7;1.0;4.7;;;
SN40880;Hovden;7.38965;59.57659;7.6;1.7;5.9;18.8;102.0;18.4
SN4090;Vallerudåsen ;10.94250;59.91400;;;;5.7;105.0;5.4
SN41090;Mandal;7.45170;58.02470;13.4;8.7;4.7;21.5;149.0;14.4
SN4110;Haneborg ;10.97620;59.94600;;;;6.1;98.0;6.2
SN41175;Kleiven;7.43880;58.27720;11.0;6.1;4.9;19.2;224.0;8.6
SN41480;Åseral - Kyrkjebygda;7.41280;58.61720;10.8;5.9;4.9;25.8;215.0;12.0
SN41550;Ljosland;7.35010;58.78780;;;;24.1;205.0;11.8
SN41770;Lindesnes fyr;7.04800;57.98150;14.3;9.8;4.5;20.0;152.0;13.2
SN41825;Lyngdal;7.04520;58.13400;12.9;8.0;4.9;31.6;;
SN4200;Kjeller;11.03830;59.97080;11.7;5.8;5.9;;;
SN42160;Lista fyr;6.56750;58.10900;14.1;9.4;4.7;27.9;143.0;19.5
SN4260;Skjetten;10.97770;59.97750;11.8;5.4;6.4;13.0;108.0;12.0
SN42650;Flekkefjord;6.64980;58.28399;;;;71.7;266.0;27.0
SN42720;Bakke;6.65700;58.41170;;;;54.2;256.0;21.2
SN42810;Tonstad − Nettfed;6.70900;58.66420;;;;73.5;234.0;31.4
SN42940;Sinnes;6.90970;58.92300;9.4;4.4;5.0;40.5;186.0;21.8
SN43010;Eik - Hove;6.50460;58.50720;12.1;7.0;5.1;66.8;295.0;22.6
SN43090;Jøssingfjord;6.35820;58.32500;;;;68.3;218.0;31.3
SN43350;Eigerøya;5.87183;58.43517;13.9;9.5;4.4;;;
SN43810;Maudal;6.36750;58.76447;11.5;;;103.3;343.0;30.1
SN44080;Obrestad fyr;5.55456;58.65850;14.1;9.2;4.9;51.6;155.0;33.3
SN44190;Time;5.72620;58.73450;13.0;;;78.0;174.0;44.8
SN44300;Særheim;5.65080;58.76050;13.2;8.6;4.6;87.0;176.0;49.4
SN44480;Søyland Gjesdal;5.98170;58.68550;;;;114.7;302.0;38.0
SN44520;Gjesdal;6.01350;58.75500;;;;122.6;278.0;44.1
SN44560;Sola;5.63700;58.88430;14.1;9.2;4.9;73.7;148.0;49.8
SN4460;Hakadal;10.82900;60.11730;10.3;4.7;5.6;8.4;122.0;6.9
SN44610;Kvitsøy;5.41220;59.07050;14.1;9.8;4.3;;;
SN44640;Våland;5.72780;58.95630;13.3;8.7;4.6;103.3;170.0;60.8
SN44730;Sandnes − Rovik;5.75920;58.86620;13.7;;;99.7;144.0;69.2
SN44760;Ims;5.96435;58.90517;;;;128.4;201.0;63.9
SN44800;Sviland;5.91623;58.81675;;;;122.4;229.0;53.4
SN45350;Lysebotn;6.64670;59.05512;13.2;8.5;4.7;94.1;237.0;39.7
SN45530;Liarvatn;6.12120;59.05120;11.6;6.9;4.7;192.3;284.0;67.7
SN45770;Hjelmeland;6.14980;59.23000;13.1;7.5;5.6;;;
SN45870;Fister;6.03650;59.16000;13.9;9.0;4.9;114.8;185.0;62.1
SN46150;Sand i Ryfylke;6.27061;59.48127;12.8;;;180.9;276.0;65.5
SN46220;Gullingen;6.46970;59.41280;9.0;4.5;4.5;157.7;;
SN46300;Suldalsvatn;6.80900;59.58870;;;;114.0;209.0;54.5
SN46430;Røldalsfjellet;6.73300;59.83150;6.6;2.1;4.5;131.4;258.0;50.9
SN46432;Elvershei;6.71080;59.83570;3.5;-1.0;4.5;;;
SN46460;Røldal kraftverk;6.81800;59.82220;10.3;;;81.7;205.0;39.9
SN46610;Sauda;6.34990;59.64790;12.9;7.2;5.7;126.3;265.0;47.7
SN46850;Vikedal;5.99480;59.55530;;;;194.6;374.0;52.0
SN46930;Vats i Vindafjord;5.72088;59.49260;12.8;7.9;4.9;159.2;285.0;55.9
SN47240;Karmøy;5.26230;59.26950;;;;125.5;200.0;62.7
SN47260;Haugesund LH;5.21150;59.34450;13.9;8.8;5.1;;;
SN47270;Karmøy - Hydro;5.31195;59.31168;;;;113.4;191.0;59.4
SN47300;Utsira;4.87230;59.30650;13.6;9.6;4.0;87.4;149.0;58.7
SN47350;Røvær;5.07800;59.43820;14.1;9.8;4.3;;;
SN4740;Ukkestad;11.05100;60.17420;;;;9.6;99.0;9.7
SN47450;Straumøy;5.43350;59.65320;;;;136.6;211.0;64.7
SN47498;Etne ;5.95380;59.66250;13.0;7.7;5.3;124.6;226.0;55.1
SN47600;Litledal;6.06306;59.66332;12.6;;;154.9;260.0;59.6
SN47610;Basura;6.08730;59.63570;9.7;;;139.4;346.0;40.3
SN4780;Gardermoen;11.08020;60.20650;11.1;5.0;6.1;16.3;94.0;17.3
SN47820;Eikemo;6.27851;59.85933;;;;129.8;303.0;42.8
SN47890;Opstveit;6.01700;59.85780;13.3;;;209.0;341.0;61.3
SN48120;Stord LH;5.34070;59.79330;13.3;8.9;4.4;;;
SN48330;Slåtterøy fyr;5.06680;59.90700;14.2;9.8;4.4;;;
SN48450;Husnes;5.76946;59.86412;;;;148.4;239.0;62.1
SN48500;Rosendal;6.02637;59.99133;;;;147.5;212.0;69.6
SN49080;Øvre Krossdalen;6.38664;60.28029;11.2;;;125.6;229.0;54.8
SN49085;Folgefonna;6.43470;60.22630;5.0;1.0;4.0;;;
SN49087;Folgefonna topp;6.40585;60.22353;4.4;-0.5;4.9;;;
SN4920;Årnes;11.39330;60.12680;11.2;5.2;6.0;12.0;78.0;15.4
SN49220;Odda - Jordal;6.53950;60.04470;11.7;6.6;5.1;81.0;;
SN49245;Skare;6.58870;59.93330;10.7;5.0;5.7;135.9;;
SN49490;Ullensvang;6.65380;60.31850;12.8;7.1;5.7;54.6;179.0;30.5
SN49631;Eidfjord;7.06597;60.46473;12.6;;;49.5;118.0;41.9
SN49800;Fet i Eidfjord;7.28035;60.40807;7.9;2.8;5.1;41.3;98.0;42.1
SN49910;Hjeltnes;6.92844;60.56173;11.5;6.9;4.6;57.8;;
SN50070;Kvamsøy;6.28050;60.36320;12.6;8.2;4.4;86.5;214.0;40.4
SN50150;Hatlestrand;5.90320;60.04500;;;;119.3;238.0;50.1
SN50175;Austevoll;5.20380;60.01670;13.5;9.2;4.3;92.2;174.0;53.0
SN50310;Kvamskogen;5.96366;60.38892;10.1;5.0;5.1;159.4;332.0;48.0
SN50450;Fana;5.33050;60.27280;;;;144.7;240.0;60.3
SN50500;Flesland;5.22650;60.28920;12.7;8.1;4.6;120.6;230.0;52.4
SN50503;Sædalen ;5.39670;60.35000;11.9;7.5;4.4;199.0;258.0;77.1
SN50539;Bergen (UiB);5.33200;60.38370;13.6;8.6;5.0;180.7;272.0;66.4
SN50540;Bergen;5.33270;60.38300;13.6;8.6;5.0;164.1;268.0;61.2
SN50570;Skredderdalen;5.33580;60.40400;11.5;6.6;4.9;168.7;262.0;64.4
SN50810;Åsane;5.34180;60.47420;12.8;7.4;5.4;156.7;246.0;63.7
SN50865;Gullfjellet;5.54200;60.38280;11.0;5.9;5.1;;;
SN51010;Fossmark;5.72430;60.52050;13.1;7.9;5.2;183.8;294.0;62.5
SN51250;Øvstedal;5.96470;60.68870;;;;202.3;320.0;63.2
SN51440;Evanger;6.11050;60.64700;11.9;6.1;5.8;106.7;215.0;49.6
SN51470;Bulken;6.22200;60.64550;10.8;5.4;5.4;96.0;211.0;45.5
SN51530;Vossavangen;6.42650;60.62520;11.8;5.8;6.0;58.4;150.0;38.9
SN51800;Mjølfjell;6.93733;60.70204;8.6;3.4;5.2;89.8;189.0;47.5
SN51990;Vetlebotn;6.47330;60.86550;8.3;3.3;5.0;163.3;341.0;47.9
SN52310;Modalen;5.97580;60.85900;12.5;6.1;6.4;;;
SN52400;Eikanger;5.37420;60.62680;;;;159.7;257.0;62.1
SN52475;Sele i Øygarden ;4.89330;60.53130;;;;70.9;178.0;39.8
SN52535;Fedje;4.71500;60.75250;13.4;9.5;3.9;;;
SN52750;Risnes;5.21080;60.84620;;;;151.4;275.0;55.1
SN52860;Takle;5.38130;61.02720;13.0;7.8;5.2;146.1;313.0;46.7
SN52930;Verkland i Gulen;5.42500;60.95850;;;;172.8;375.0;46.1
SN52970;Sørebø;5.90630;61.06570;;;;63.3;203.0;31.2
SN52990;Ortnevik;6.13400;61.10950;;;;71.6;162.0;44.2
SN53070;Vik i Sogn;6.58130;61.07280;;;;34.2;121.0;28.3
SN53101;Vangsnes;6.64520;61.17240;12.3;7.2;5.1;48.7;117.0;41.6
SN53130;Fresvik;6.93450;61.06880;;;;36.3;109.0;33.3
SN53480;Klevavatnet;7.20850;60.71920;6.0;1.5;4.5;;;
SN5350;Nord-Odal;11.55906;60.38820;11.3;5.4;5.9;7.9;87.0;9.1
SN53530;Midtstova;7.27550;60.65630;4.7;0.2;4.5;;;
SN53700;Aurland;7.20100;60.90270;;;;14.9;79.0;18.9
SN54110;Lærdal;7.50250;61.10330;12.1;5.9;6.2;;;
SN54320;Borgund;7.81792;61.05836;10.6;;;6.9;48.0;14.4
SN54420;Øljusjø;8.08609;61.00425;5.7;;;11.9;67.0;17.8
SN54600;Maristova;8.03686;61.10988;7.5;;;10.6;66.0;16.1
SN54710;Filefjell − Kyrkjestølane;8.11250;61.17800;6.0;0.4;5.6;12.7;57.0;22.3
SN54780;Øvre Årdal;7.81771;61.31023;;;;24.7;72.0;34.3
SN55000;Luster − Ornes;7.31320;61.29941;12.6;6.6;6.0;29.0;;
SN55290;Sognefjellhytta;7.99570;61.56480;3.2;-2.0;5.2;;;
SN55300;Skjolden;7.60600;61.49620;;;;41.8;99.0;42.2
SN55425;Spørteggbu;7.38920;61.59720;2.1;-2.7;4.8;;;
SN55430;Mjølversgrendi;7.27620;61.65950;9.2;4.4;4.8;55.6;154.0;36.1
SN55550;Hafslo;7.18860;61.29247;;;;39.2;117.0;33.5
SN55670;Veitastrond;7.03400;61.47830;;;;92.1;186.0;49.5
SN55700;Sogndal LH;7.14130;61.15800;9.4;3.7;5.7;;;
SN55770;Njøs;6.86080;61.17920;12.5;7.2;5.3;57.3;106.0;54.1
SN55820;Fjærland;6.76430;61.42346;11.4;5.1;6.3;105.3;191.0;55.1
SN5590;Kongsvinger;12.00692;60.19043;11.4;5.2;6.2;10.3;74.0;13.9
SN55928;Balestrand ;6.52850;61.20280;12.0;6.8;5.2;101.2;179.0;56.5
SN55930;Balestrand Brannstasjon;6.53150;61.20380;;;;106.0;166.0;63.9
SN56010;Høyanger Verk;6.07020;61.22000;;;;149.2;232.0;64.3
SN56320;Lavik;5.54130;61.11240;;;;158.1;252.0;62.7
SN56400;Kolgrov;4.66930;61.00700;;;;58.7;194.0;30.3
SN56420;Fureneset;5.04430;61.29280;12.4;8.2;4.2;82.8;249.0;33.3
SN56520;Hovlandsdal;5.43420;61.23200;;;;203.4;356.0;57.1
SN5660;Roverud;12.09130;60.25370;11.3;5.1;6.2;21.0;59.0;35.6
SN56780;Sygna;5.72650;61.34350;;;;133.2;253.0;52.6
SN56850;Gaular;6.19830;61.32620;;;;82.6;222.0;37.2
SN56960;Haukedalen;6.37580;61.42020;10.7;4.7;6.0;106.8;230.0;46.4
SN57000;Førde LH;5.76000;61.39100;11.3;5.4;5.9;;;
SN57340;Kvamsfjellet;6.09600;61.45730;6.0;2.1;3.9;;;
SN57390;Skei i Jølster;6.49010;61.57551;;;;125.8;182.0;69.1
SN57480;Botnen i Førde;6.05860;61.53490;;;;155.3;275.0;56.5
SN57660;Eimhjellen;5.81570;61.64070;;;;173.1;299.0;57.9
SN57710;Florø LH;5.02780;61.58320;13.3;8.4;4.9;;;
SN57770;Ytterøyane fyr;4.68170;61.57170;13.7;9.6;4.1;;;
SN57790;Myklebustfjellet;5.20070;61.67880;8.2;3.7;4.5;;;
SN57810;Svelgen;5.29830;61.77070;13.7;8.2;5.5;113.1;300.0;37.7
SN57850;Daviknes;5.53330;61.89860;;;;93.0;260.0;35.8
SN57940;Ålfoten;5.66740;61.83195;;;;81.1;259.0;31.3
SN58070;Sandane;6.18350;61.78730;13.4;6.6;6.8;43.6;153.0;28.5
SN58100;Sandane LH;6.10430;61.82930;13.2;6.5;6.7;;;
SN58320;Myklebust Breim;6.61527;61.71310;;;;74.1;184.0;40.3
SN58390;Innvik;6.60000;61.83800;;;;33.2;128.0;25.9
SN58480;Oldedalen;6.80593;61.69405;;;;78.5;157.0;50.0
SN58780;Nordfjordeid;6.03920;61.91830;;;;56.5;210.0;26.9
SN58860;Trolledalsegga ;6.10650;61.89020;6.0;1.1;4.9;;;
SN58900;Stryn;6.55817;61.91533;11.6;5.1;6.5;61.9;170.0;36.4
SN58960;Hornindal;6.65020;62.00330;10.8;;;58.1;202.0;28.8
SN59110;Kråkenes;4.98650;62.03400;13.6;8.8;4.8;;;
SN59250;Refvik;5.08780;61.99850;;;;40.0;198.0;20.2
SN59450;Stadlandet;5.21150;62.14670;13.2;7.5;5.7;86.4;257.0;33.6
SN59680;Ørsta-Volda LH;6.07806;62.18041;13.1;6.1;7.0;;;
SN59695;Eitrefjell;6.28770;62.16000;9.3;4.3;5.0;62.0;209.0;29.7
SN59800;Svinøy fyr;5.26800;62.32930;13.4;9.5;3.9;;;
SN60;Linnes;12.49900;61.55810;;;;6.5;85.0;7.6
SN60190;Roaldshornet;6.84900;62.30650;6.5;1.3;5.2;;;
SN6020;Flisa;12.01252;60.61422;11.1;4.7;6.4;8.4;67.0;12.5
SN60400;Norddal;7.23856;62.24738;13.7;;;25.7;114.0;22.5
SN60500;Tafjord;7.42180;62.23050;14.4;7.7;6.7;17.1;99.0;17.3
SN60620;Grønning;7.51398;62.32900;11.2;;;41.3;142.0;29.1
SN60640;Valldal;7.25250;62.29700;14.3;7.2;7.1;15.1;132.0;11.4
SN60650;Linge;7.21730;62.28800;14.5;7.6;6.9;30.0;130.0;23.1
SN60800;Ørskog;6.81670;62.47750;13.6;7.4;6.2;27.4;162.0;16.9
SN60810;Lebergsfjellet ;6.87170;62.51580;9.6;4.3;5.3;;;
SN60945;Ålesund;6.21080;62.47030;13.5;8.3;5.2;56.0;169.0;33.1
SN60990;Vigra;6.11500;62.56170;13.0;8.6;4.4;;;
SN61060;Rekdal;6.75520;62.65120;12.8;7.6;5.2;;;
SN61340;Åndalsnes;7.67200;62.56430;13.6;7.0;6.6;28.0;129.0;21.7
SN61410;Mannen;7.77030;62.45550;4.7;-0.7;5.4;16.3;125.0;13.0
SN61420;Marstein;7.83550;62.44580;13.0;6.0;7.0;23.4;127.0;18.4
SN61630;Bjorli;8.20000;62.25830;8.9;1.8;7.1;10.3;55.0;18.7
SN61820;Eresfjord;8.10500;62.66300;;;;49.0;144.0;34.0
SN62160;Istad;7.70020;62.80500;;;;78.6;173.0;45.4
SN62270;Molde LH;7.26170;62.74430;12.8;6.7;6.1;;;
SN62290;Molde − Nøisomhed;7.22750;62.74130;13.3;;;88.6;185.0;47.9
SN62295;Hindalsrøra;7.20880;62.75600;11.3;5.5;5.8;74.1;222.0;33.4
SN62480;Ona;6.53780;62.85850;13.0;9.2;3.8;;;
SN62700;Hostadvatn;7.24360;62.90870;13.0;6.2;6.8;50.9;227.0;22.4
SN62900;Eide;7.38960;62.89090;;;;69.1;228.0;30.3
SN62980;Reinsfjellet;7.92500;62.93000;6.8;1.7;5.1;;;
SN63420;Sunndalsøra;8.54730;62.67850;13.9;7.3;6.6;23.2;93.0;24.9
SN63580;Ångårdsvatnet;9.19670;62.67080;;;;12.2;63.0;19.4
SN63630;Storhornet ;9.39200;62.63520;3.2;-2.2;5.4;;;
SN63705;Oppdal;9.66600;62.60270;10.2;3.3;6.9;2.6;42.0;6.2
SN63820;Drivdalen;9.58176;62.44750;9.5;2.5;7.0;4.8;42.0;11.4
SN64300;Karihola;7.70270;63.12570;;;;10.7;107.0;10.0
SN64330;Kristiansund LH;7.81580;63.10930;13.2;7.2;6.0;;;
SN6440;Vermundsjøen;12.36900;60.69250;;;;12.2;59.0;20.7
SN64510;Tingvoll;8.18620;62.91330;12.9;6.4;6.5;58.0;132.0;43.9
SN64700;Innerdalen;8.77541;62.72189;11.7;4.4;7.3;34.0;150.0;22.7
SN64760;Sylte;8.68950;62.98530;10.7;4.3;6.4;47.2;132.0;35.8
SN64870;Tågdalen;9.08789;63.04933;10.4;3.8;6.6;49.2;125.0;39.4
SN65230;Hemne (Lenes);9.01150;63.26130;;;;26.8;142.0;18.9
SN65310;Veiholmen;7.94820;63.51760;12.7;8.6;4.1;;;
SN65370;Smøla;8.06300;63.41970;;;;57.8;128.0;45.2
SN65451;Hitra;9.11232;63.51842;12.7;7.5;5.2;34.1;129.0;26.4
SN65940;Sula;8.45430;63.84290;12.1;8.3;3.8;;;
SN66150;Orkanger;9.84950;63.31530;11.7;5.0;6.7;21.8;84.0;26.0
SN66620;Rennebu;9.83540;62.86400;;;;8.4;64.0;13.1
SN66850;Kvikne;10.27100;62.59620;;;;2.7;45.0;6.0
SN67140;Skjetlein;10.29730;63.34030;12.1;5.4;6.7;4.8;93.0;5.2
SN67150;Leinstrand;10.27330;63.32810;;;;16.0;85.0;18.8
SN67280;Soknedal;10.17880;62.95350;10.1;3.6;6.5;;;
SN67560;Kotsøy;10.56080;62.97630;10.8;3.7;7.1;111.7;79.0;141.4
SN68050;Lade;10.44280;63.44280;12.4;5.8;6.6;19.8;81.0;24.4
SN68120;Saupstad;10.35970;63.36280;11.4;4.8;6.6;28.1;103.0;27.3
SN68125;Sverresborg;10.34980;63.42230;11.0;4.6;6.4;24.3;114.0;21.3
SN68230;Risvollan;10.42282;63.39861;11.2;;;7.1;94.0;7.6
SN68270;Løksmyr;10.43690;63.23150;;;;23.1;106.0;21.8
SN68290;Selbu;11.00750;63.22480;11.5;4.8;6.7;6.0;65.0;9.2
SN68420;Aunet;11.56690;63.05560;;;;6.3;82.0;7.7
SN68860;Trondheim − Voll;10.45380;63.41070;11.8;5.5;6.3;19.3;80.0;24.1
SN68863;Trondheim - Voll PLU;10.45350;63.41070;11.6;5.4;6.2;20.8;79.0;26.3
SN69020;Ranheim;10.51500;63.42680;12.4;6.1;6.3;17.6;83.0;21.2
SN69100;Værnes;10.93050;63.45970;12.5;5.8;6.7;5.2;77.0;6.8
SN69150;Kvithamar;10.87961;63.48813;12.0;5.6;6.4;13.2;96.0;13.7
SN69380;Meråker;11.72790;63.41129;11.4;4.3;7.1;19.6;86.0;22.8
SN69420;Kluksdal;11.90450;63.28550;;;;14.5;82.0;17.7
SN69550;Hegra (Østås);11.35360;63.48710;;;;36.4;110.0;33.1
SN69655;Frosta;10.69320;63.56520;12.1;6.2;5.9;17.7;85.0;20.8
SN69960;Buran;11.54360;63.71990;;;;22.1;78.0;28.3
SN700;Drevsjø;12.04620;61.88700;7.8;1.4;6.4;2.3;52.0;4.4
SN70510;Vera;12.38040;63.78562;9.0;;;62.9;107.0;58.8
SN70680;Mære;11.42550;63.94250;11.4;5.1;6.3;36.6;;
SN70820;Utgård;11.72900;64.11630;;;;47.6;93.0;51.2
SN70850;Snåsa - Kjevlia;12.46920;64.15870;10.3;4.0;6.3;60.7;90.0;67.4
SN70930;Snåsa (Nagelhus);12.43797;64.24898;;;;49.7;95.0;52.3
SN71000;Steinkjer;11.44930;64.02170;11.4;5.0;6.4;36.7;85.0;43.2
SN71320;Rissa;9.97007;63.58571;12.2;6.1;6.1;;;
SN71550;Ørland;9.61040;63.70440;12.3;7.0;5.3;23.6;104.0;22.7
SN71780;Åfjord;10.22370;63.96780;11.9;5.8;6.1;51.6;168.0;30.7
SN71850;Halten fyr;9.40520;64.17270;12.1;8.2;3.9;;;
SN71900;Bessaker;10.32570;64.24480;;;;42.3;128.0;33.0
SN71990;Buholmråsa fyr;10.45500;64.40130;13.0;7.9;5.1;;;
SN72580;Namsos LH;11.57050;64.47080;11.8;4.9;6.9;;;
SN72710;Skogmo;12.01905;64.51032;11.2;4.4;6.8;77.2;;
SN73250;Sørli;13.76510;64.24325;;;;32.8;54.0;60.7
SN73550;Gartland;12.38370;64.53100;9.6;3.4;6.2;86.6;125.0;69.3
SN73800;Tunnsjø;13.65060;64.68370;;;;45.1;77.0;58.6
SN7420;Rena øvingsfelt;11.49939;61.37635;6.5;0.5;6.0;5.9;129.0;4.6
SN74350;Namsskogan;12.84600;64.74220;9.6;3.4;6.2;64.8;124.0;52.3
SN75020;Otterøy;11.28055;64.52280;;;;58.5;147.0;39.8
SN75100;Liafoss;11.95470;64.83820;;;;81.7;211.0;38.7
SN75220;Rørvik;11.14080;64.83500;12.0;6.1;5.9;;;
SN75410;Nordøyan fyr;10.54930;64.79770;11.8;7.6;4.2;;;
SN75550;Sklinna fyr;10.99650;65.20230;11.8;7.6;4.2;;;
SN76240;Kvaløyfjellet;11.99280;65.21930;10.1;4.8;5.3;;;
SN76250;Sømna (Stein);12.16440;65.29650;;;;50.0;150.0;33.3
SN76330;Brønnøysund;12.21959;65.46072;12.4;6.8;5.6;;;
SN76450;Vega;11.85620;65.70170;12.1;6.4;5.7;26.4;129.0;20.5
SN76530;Tjøtta;12.42550;65.82950;11.5;6.5;5.0;38.8;142.0;27.3
SN7660;Åkrestrømmen;11.20420;61.69600;;;;3.4;44.0;7.7
SN76750;Sandnessjøen;12.47850;65.96350;12.0;6.5;5.5;;;
SN770;Ellefsplass;11.45250;62.20400;;;;8.0;54.0;14.8
SN77230;Mosjøen LH;13.21800;65.78420;9.7;3.3;6.4;68.5;139.0;49.3
SN77280;Laksfors;13.28920;65.62150;9.4;2.9;6.5;59.9;134.0;44.7
SN77425;Majavatn;13.36670;65.16620;9.0;2.7;6.3;67.5;109.0;61.9
SN77490;Kappfjellet;13.44830;65.31430;5.2;-1.0;6.2;;;
SN77850;Susendal;14.24580;65.36750;;;;49.5;70.0;70.7
SN78350;Bardal;13.39170;66.21780;;;;86.9;193.0;45.0
SN78360;Seljelia;13.58670;66.13170;9.0;3.3;5.7;80.3;168.0;47.8
SN78370;Bjerka (Valla);13.80670;66.14150;;;;78.1;149.0;52.4
SN78800;Varntresk;14.19420;65.82550;8.3;2.2;6.1;50.4;85.0;59.3
SN7920;Finstad - Nyhus;11.03550;62.10830;;;;3.2;51.0;6.3
SN79220;Skamdal;13.90400;66.23480;9.1;3.9;5.2;70.8;153.0;46.3
SN7950;Rena flyplass;11.37470;61.18470;9.4;2.7;6.7;6.4;73.0;8.8
SN79600;Mo i Rana LH;14.30150;66.36430;9.3;2.7;6.6;;;
SN79700;Storforshei;14.53000;66.39620;8.3;2.2;6.1;74.8;142.0;52.7
SN79764;Dunderlandsdalen;14.95400;66.49930;7.8;1.9;5.9;75.4;123.0;61.3
SN80102;Solvær;12.61100;66.37050;11.8;7.1;4.7;;;
SN80200;Lurøy;13.18480;66.38920;11.7;5.5;6.2;148.8;348.0;42.8
SN80340;Træna (Husøy);12.09280;66.49940;;;;28.5;104.0;27.4
SN80610;Myken;12.48600;66.76280;11.5;7.5;4.0;24.4;95.0;25.7
SN80700;Glomfjord;13.97930;66.81020;11.0;5.6;5.4;;;
SN80705;Skihytta;13.94800;66.82750;9.1;3.1;6.0;81.8;229.0;35.7
SN80707;Tverrfjellet;13.90670;66.83030;4.2;0.3;3.9;;;
SN80740;Reipå;13.64600;66.90350;10.4;5.0;5.4;;;
SN80880;Våtvikfjellet;14.16790;67.09438;7.6;1.5;6.1;;;
SN810;Tufsingdal;11.73200;62.27760;;;;3.0;55.0;5.5
SN8140;Evenstad;11.07937;61.42727;8.9;2.5;6.4;;;
SN81650;Saltdal − Nordnes;15.31550;66.93680;9.1;2.4;6.7;35.4;64.0;55.3
SN81775;Lønsdal;15.46280;66.74350;7.3;1.1;6.2;22.4;60.0;37.3
SN82000;Setså;15.48570;67.16580;9.9;3.9;6.0;19.2;85.0;22.6
SN82110;Valnesfjord;15.10182;67.27642;10.2;4.2;6.0;25.9;143.0;18.1
SN82290;Bodø;14.38263;67.27265;11.1;5.6;5.5;18.8;138.0;13.6
SN82310;Skivika;14.43090;67.30840;11.8;;;25.5;131.0;19.5
SN82410;Helligvær;13.89580;67.40480;11.0;6.6;4.4;;;
SN82720;Sisovatnet;15.82820;67.33350;6.7;0.4;6.3;59.4;178.0;33.4
SN82840;Strøksnes;15.49530;67.52580;;;;39.5;148.0;26.7
SN83300;Steigen;15.11051;67.92257;;;;25.3;141.0;17.9
SN83710;Drag;16.08288;68.04844;10.3;4.6;5.7;18.3;96.0;19.1
SN84210;Losistua;17.79050;68.19050;6.4;-0.4;6.8;19.3;66.0;29.2
SN8450;Atndalen (nedre);10.50100;61.79100;;;;3.7;48.0;7.7
SN84500;Straumsnes;17.66200;68.43200;9.1;3.2;5.9;32.8;102.0;32.2
SN84630;Fagernesfjellet;17.48020;68.42100;5.7;-1.2;6.9;;;
SN84880;Katterat;17.96600;68.39950;7.6;1.7;5.9;27.2;83.0;32.8
SN84900;Bjørnfjell;18.07670;68.43230;5.6;-0.5;6.1;39.1;79.0;49.5
SN84970;Evenes LH;16.68330;68.49120;8.9;3.5;5.4;;;
SN85040;Rotvær;15.94300;68.36800;10.1;5.9;4.2;;;
SN85080;Kanstadbotn;15.87686;68.51699;7.6;1.9;5.7;117.2;233.0;50.3
SN85380;Skrova fyr;14.64850;68.15350;11.1;6.5;4.6;;;
SN85440;Vågan;14.65220;68.32670;;;;218.6;341.0;64.1
SN85450;Svolvær LH;14.66547;68.24157;10.4;5.6;4.8;;;
SN85470;Kongsmarka;14.47930;68.24170;;;;107.6;294.0;36.6
SN85560;Leknes LH;13.61214;68.15579;10.0;5.1;4.9;36.2;177.0;20.5
SN85840;Værøy;12.72280;67.65270;10.5;7.1;3.4;;;
SN85890;Røst;12.10380;67.52670;10.6;6.8;3.8;35.3;89.0;39.7
SN86520;Kleiva;15.28323;68.64811;9.6;4.6;5.0;58.3;178.0;32.8
SN86600;Stokmarknes LH;15.02894;68.58010;9.4;4.9;4.5;;;
SN86740;Bø Vesterålen;14.43470;68.60720;10.8;5.8;5.0;31.7;100.0;31.7
SN87000;Ånstadblåheia;15.31120;68.71830;7.5;1.8;5.7;;;
SN87110;Andøya LH;16.13120;69.30730;9.4;4.7;4.7;27.6;136.0;20.3
SN87120;Trolltinden;16.00300;69.24130;7.3;2.2;5.1;;;
SN8720;Atnsjøen;10.13980;61.89020;;;;7.6;53.0;14.3
SN87640;Harstad;16.53620;68.80290;9.1;4.3;4.8;43.0;94.0;45.7
SN87772;Sætertinden;16.36080;68.58630;1.9;-2.9;4.8;;;
SN88100;Bardu;18.24420;68.64570;8.0;1.7;6.3;30.1;107.0;28.1
SN88200;Laukhella;17.90130;69.23480;;;;34.3;129.0;26.6
SN88690;Hekkingen fyr;17.83117;69.60050;10.2;4.9;5.3;;;
SN8880;Alvdal ;10.62680;62.10930;9.1;1.5;7.6;2.1;;
SN89010;Kistefjell;18.12880;69.28970;4.4;-2.2;6.6;;;
SN89350;Bardufoss;18.54370;69.05770;6.9;0.8;6.1;25.3;72.0;35.1
SN89940;Dividalen;19.70167;68.78167;7.0;0.2;6.8;2.4;39.0;6.2
SN89980;Tamokdalen;19.62780;69.09350;6.5;0.3;6.2;25.6;112.0;22.9
SN89985;Sjufjellet;19.54420;69.10250;4.8;-2.3;7.1;;;
SN90100;Pålfinnmoen;18.67730;69.41400;8.7;2.5;6.2;34.0;194.0;17.5
SN90110;Skolten ;18.62080;69.42290;6.0;-0.7;6.7;;;
SN90400;Tromsø (Holt);18.90950;69.65380;8.8;3.8;5.0;28.6;109.0;26.2
SN90450;Tromsø (Vervarslinga);18.93680;69.65370;8.6;3.1;5.5;27.3;127.0;21.5
SN90451;Tromsø PLU;18.93650;69.65370;;;;26.5;105.0;25.2
SN90490;Tromsø LH;18.91330;69.67670;8.4;3.3;5.1;;;
SN90495;Stakkevollan ;18.98200;69.69420;8.6;2.8;5.8;26.0;106.0;24.5
SN90510;Tromsdalen ;19.00650;69.65080;7.8;2.1;5.7;24.6;100.0;24.6
SN90560;Kvaløysletta ;18.87720;69.69880;8.7;3.3;5.4;43.5;144.0;30.2
SN90650;Grunnfjord;19.57300;70.00830;;;;24.9;122.0;20.4
SN90720;Måsvik;18.69380;69.99030;10.6;5.4;5.2;;;
SN90760;Fakken;20.11451;70.10426;9.5;4.4;5.1;;;
SN90800;Torsvåg fyr;19.49970;70.24520;10.3;5.2;5.1;;;
SN91080;Ytre Holmebukt;19.71300;69.50000;;;;40.3;96.0;42.0
SN91120;Lyngen;20.15180;69.55980;7.2;0.3;6.9;;;
SN91130;Lyngen;20.09400;69.55880;6.1;-0.5;6.6;;;
SN91150;Lyngen - Ura;20.09307;69.58870;9.8;;;48.1;107.0;45.0
SN91180;Straumen ;20.13870;69.89150;9.2;4.0;5.2;21.5;135.0;15.9
SN91251;Váddjá;20.52680;69.47220;8.7;3.2;5.5;;;
SN91380;Skibotn;20.28230;69.38750;8.6;2.4;6.2;16.1;41.0;39.3
SN91430;Rihpojávri;20.57950;69.22350;6.3;0.1;6.2;;;
SN91530;Gámanjunni ;20.57870;69.48180;3.9;-3.9;7.8;;;
SN91551;Holmen;20.86930;69.48020;8.9;4.0;4.9;;;
SN9160;Folldal;9.99476;62.12799;7.4;0.3;7.1;5.2;29.0;17.9
SN91725;Skjervøy;20.96250;70.03320;;;;16.6;107.0;15.5
SN91729;Trolltinden;20.43100;70.07500;4.1;-1.8;5.9;;;
SN91740;Sørkjosen;20.95240;69.79020;8.7;2.9;5.8;;;
SN92350;Nordstraum;21.89580;69.83620;9.1;3.6;5.5;19.0;52.0;36.5
SN92650;Nuvsvåg;22.07050;70.23680;8.0;3.3;4.7;54.1;199.0;27.2
SN92750;Hasvik LH;22.14570;70.48650;9.0;4.4;4.6;;;
SN92860;Dealljá;22.34130;70.17280;6.9;0.3;6.6;;;
SN92910;Sopnesbukt;22.32430;70.05180;;;;31.4;87.0;36.1
SN93000;Hasvik;22.44280;70.60700;7.2;0.7;6.5;;;
SN9310;Hjerkinn;9.54196;62.22058;6.3;0.1;6.2;7.2;43.0;16.7
SN93140;Alta LH;23.35820;69.97750;8.2;2.3;5.9;12.6;44.0;28.6
SN93301;Suolovuopmi;23.53450;69.57970;4.8;-1.6;6.4;6.8;37.0;18.4
SN93700;Kautokeino (Guovdageaidnu);23.03490;68.99640;5.3;-1.2;6.5;3.0;33.0;9.1
SN9380;Snøheim;9.35200;62.29580;2.9;-2.2;5.1;;;
SN93900;Šihččajávri;23.53953;68.75597;5.4;-1.6;7.0;5.5;50.0;11.0
SN94230;Rognsundet;22.81770;70.41070;8.6;3.8;4.8;;;
SN94280;Hammerfest;23.67720;70.68070;8.3;2.9;5.4;25.3;96.0;26.4
SN94500;Fruholmen fyr;23.98376;71.09445;9.2;4.4;4.8;;;
SN94680;Honningsvåg;25.97820;71.01050;8.3;3.8;4.5;13.3;;
SN94870;Olderfjord;25.07667;70.47183;;;;13.1;68.0;19.3
SN95350;Banak;24.97930;70.06000;7.6;1.9;5.7;;;
SN95590;BØRSELV;25.56480;70.31186;;;;15.7;59.0;26.6
SN9580;Tynset;10.73527;62.26969;8.6;1.0;7.6;1.4;31.0;4.5
SN96220;Lebesby;26.99800;70.58117;8.1;;;8.2;60.0;13.7
SN96310;Mehamn LH;27.82980;71.03300;8.0;2.9;5.1;13.0;;
SN96400;Slettnes fyr;28.21700;71.08880;8.1;3.4;4.7;;;
SN96600;Skjånes;28.09950;70.80000;;;;12.3;88.0;14.0
SN96850;Deanušaldi;28.15900;70.21220;6.8;0.8;6.0;5.5;40.0;13.8
SN96931;Polmak;27.96384;70.08712;;;;2.5;41.0;6.1
SN97251;Karasjok;25.50230;69.46350;5.9;-0.9;6.8;4.1;33.0;12.4
SN97350;Čoavddatmohkki;24.43150;69.36960;5.4;-1.3;6.7;3.2;37.0;8.6
SN97710;Iškoras ;25.34600;69.30030;3.8;-1.8;5.6;;;
SN98090;Berlevåg;29.04240;70.87315;7.9;2.9;5.0;;;
SN98360;Båtsfjord;29.69906;70.60363;7.0;1.2;5.8;;;
SN98400;Makkaur fyr;30.07000;70.70570;8.5;3.2;5.3;;;
SN98550;Vardø radio;31.09620;70.37070;8.3;3.3;5.0;15.3;71.0;21.5
SN98580;Vardø LH;31.05023;70.35129;8.2;2.7;5.5;;;
SN98790;Vadsø LH;29.83520;70.06530;8.1;1.9;6.2;;;
SN98978;Boazoaivi;28.96480;70.33570;4.4;-1.5;5.9;;;
SN99370;Kirkenes lufthavn;29.90570;69.72870;7.7;1.2;6.5;;;
SN99460;Svanvik;30.04100;69.45520;8.1;1.0;7.1;2.2;43.0;5.1
SN99500;Skogfoss;29.69201;69.37198;;;;3.4;47.0;7.2
SN99540;Nyrud;29.24272;69.14757;7.9;0.6;7.3;2.4;33.0;7.3
SN99710;Bjørnøya;18.99800;74.50350;6.2;0.7;5.5;11.5;40.0;28.7
SN99720;Hopen;25.01330;76.50970;3.9;-1.5;5.4;25.5;30.0;85.0
SN99735;Edgeøya;22.82250;78.25080;1.3;-4.3;5.6;;;
SN99840;Svalbard LH;15.50150;78.24530;2.0;-3.8;5.8;7.3;19.0;38.4
SN99910;Ny-Ålesund;11.93250;78.92180;1.8;-4.2;6.0;21.7;42.0;51.7
SN99927;Verlegenhuken;16.24330;80.05550;0.9;-4.9;5.8;;;
SN99950;Jan Mayen;-8.66900;70.93940;5.6;1.3;4.3;22.0;72.0;30.6
