stasjonsID;stasjonsnavn;lengdegrad;breddegrad;temperatur_degC;temperaturnormal_degC;temperaturavvik_degC;nedbor_mm;nedbornormal_mm;nedbor_prosent_av_normal
SN100;Plassen;12.50390;61.13490;;;;48.2;80.0;60.2
SN10300;Håsjøen;11.77520;62.46980;;;;61.7;50.0;123.4
SN10380;Røros;11.34870;62.57810;7.2;6.9;0.3;76.5;48.0;159.4
SN10600;Aursund;11.45501;62.67401;;;;73.8;59.0;125.1
SN1070;HVALER;11.03215;59.04188;14.2;12.9;1.3;92.5;;
SN10800;Sølendet;11.81530;62.67930;7.0;6.6;0.4;69.0;56.0;123.2
SN11500;Apelsvoll;10.86950;60.70020;11.5;10.5;1.0;32.9;63.0;52.2
SN11710;Einavatn;10.64080;60.59505;;;;38.5;74.0;52.0
SN11900;Biri;10.59540;60.95180;;;;45.1;79.0;57.1
SN12180;Ilseng;11.20280;60.80280;11.4;10.2;1.2;43.0;;
SN12290;Hamar (Disen);11.09480;60.80056;11.9;10.9;1.0;28.1;56.0;50.2
SN1230;Halden;11.38800;59.12230;;;;89.0;85.0;104.7
SN12320;Hamar − Stavsberg;11.06970;60.81800;11.7;10.7;1.0;37.8;61.0;62.0
SN12550;Kise på Hedmark;10.80550;60.77330;12.3;11.0;1.3;30.5;58.0;52.6
SN12600;Vea;10.67905;60.95295;;;;37.7;65.0;58.0
SN12648;Rådhuset ;10.46750;61.11450;11.9;11.0;0.9;34.0;;
SN12680;Sæterengen;10.47620;61.09170;11.0;10.1;0.9;29.1;65.0;44.8
SN12700;Vårsætergrenda ;10.51120;61.10400;10.0;8.9;1.1;;;
SN12710;Nordsetervegen ;10.51430;61.14310;9.2;8.4;0.8;37.9;;
SN12960;Sjusjøen;10.70880;61.16380;7.1;;;70.1;103.0;68.1
SN12980;Bjørnerud ;10.45480;61.14780;10.6;9.7;0.9;44.2;;
SN13030;Follebu;10.26141;61.22651;10.0;9.2;0.8;40.2;;
SN13060;Gausdal;10.17377;61.27285;;;;35.7;75.0;47.6
SN13150;Fåvang;10.18720;61.45820;10.7;9.6;1.1;36.3;68.0;53.4
SN13160;Kvitfjell;10.12662;61.46474;6.5;5.6;0.9;;;
SN13420;Venabu;10.10820;61.65130;6.4;5.7;0.7;59.6;64.0;93.1
SN13655;Skåbu;9.40209;61.53098;6.7;6.0;0.7;37.8;47.0;80.4
SN1400;Brekke sluse;11.55830;59.14770;;;;94.9;88.0;107.8
SN14200;Leirflaten;9.15424;61.72459;7.1;7.0;0.1;42.0;;
SN14550;Preststulen;9.00840;61.92250;;;;54.6;39.0;140.0
SN14711;Grov;9.01104;61.81301;;;;39.3;39.0;100.8
SN15262;Juvflye;8.36850;61.67400;1.8;1.2;0.6;;;
SN15270;Juvvasshøe;8.36900;61.67750;1.4;0.9;0.5;;;
SN15430;Bøverdal;8.24230;61.71950;7.5;7.1;0.4;84.6;48.0;176.2
SN15480;Skjåk (Øygarden);8.46720;61.87770;;;;34.9;26.0;134.2
SN15660;Skjåk (Austin);8.17060;61.90130;;;;52.8;30.0;176.0
SN15890;Grotli;7.66374;62.01647;6.3;6.3;0.0;87.3;69.0;126.5
SN16040;Otta;9.54130;61.77820;9.9;9.5;0.4;32.6;;
SN16271;Høvringen;9.47980;61.88830;6.6;6.0;0.6;60.1;45.0;133.6
SN16400;Lannem;9.21430;62.01720;8.6;8.5;0.1;47.2;27.0;174.8
SN1650;Strømsfoss;11.65990;59.30060;;;;73.8;82.0;90.0
SN16560;Dombås;9.11470;62.07165;8.1;8.0;0.1;37.4;30.0;124.7
SN16610;Fokstugu;9.28620;62.11330;6.4;6.0;0.4;54.0;38.0;142.1
SN17000;Strømtangen;10.82830;59.15155;14.9;13.6;1.3;60.9;81.0;75.2
SN17050;Tomb;10.81450;59.31880;13.0;12.0;1.0;;;
SN17150;Rygge;10.79800;59.37420;13.6;12.3;1.3;67.0;88.0;76.1
SN17251;Moss;10.68360;59.44254;;;;55.6;90.0;61.8
SN17280;Gullholmen;10.57800;59.43520;14.5;13.2;1.3;;;
SN17380;Huggenes;10.75430;59.39800;13.3;12.1;1.2;67.6;75.0;90.1
SN17775;Fagerstrand ;10.58860;59.73770;;;;47.9;82.0;58.4
SN17780;Blekslitjern;10.63080;59.80950;;;;41.0;68.0;60.3
SN17810;Tangenåsen;10.66220;59.85530;;;;48.1;74.0;65.0
SN17850;Ås;10.78180;59.66050;12.8;11.5;1.3;53.0;90.0;58.9
SN17870;Rustadskogen;10.81040;59.67040;12.5;11.1;1.4;55.3;87.0;63.6
SN180;Trysil Mosanden;12.27583;61.29557;9.4;8.4;1.0;71.8;86.0;83.5
SN18020;Lambertseter;10.81850;59.87750;;;;43.8;90.0;48.7
SN18180;Trasop;10.84700;59.90700;;;;45.0;76.0;59.2
SN18195;Høyenhall;10.82120;59.90330;;;;46.5;77.0;60.4
SN18205;Løren ;10.79020;59.92870;;;;54.7;79.0;69.2
SN18210;Hovin;10.80400;59.92300;13.5;12.7;0.8;47.9;89.0;53.8
SN18215;Brobekk;10.83150;59.93230;;;;52.4;77.0;68.1
SN18233;Nyland;10.86400;59.94520;;;;55.6;79.0;70.4
SN18235;Furuset ;10.89720;59.94200;;;;45.9;77.0;59.6
SN18245;Ammerud;10.87370;59.96520;;;;59.4;76.0;78.2
SN18270;Vestli;10.91850;59.96830;11.7;;;56.5;89.0;63.5
SN18390;Bjølsen;10.74830;59.94180;;;;58.5;85.0;68.8
SN18405;Sandaker;10.77270;59.93980;;;;56.6;80.0;70.8
SN18420;Disen;10.79030;59.94600;;;;61.7;101.0;61.1
SN18440;Kjelsås;10.77564;59.95995;;;;68.2;85.0;80.2
SN18450;Maridalsoset;10.78936;59.97187;;;;62.9;90.0;69.9
SN18500;Bjørnholt;10.68787;60.05142;10.8;9.6;1.2;71.1;120.0;59.2
SN18645;Solli plass;10.72020;59.91420;;;;43.9;71.0;61.8
SN18700;Oslo (Blindern);10.72000;59.94230;13.2;12.2;1.0;58.1;82.0;70.9
SN18703;Blindern test;10.71940;59.94256;;;;56.9;76.0;74.9
SN18920;Besserud;10.67100;59.95730;;;;72.3;93.0;77.7
SN18950;Tryvannshøgda;10.66923;59.98480;10.5;9.4;1.1;82.0;114.0;71.9
SN19455;Kommunegården;10.52430;59.88920;;;;57.8;82.0;70.5
SN19458;Nadderud;10.58780;59.92480;;;;58.7;78.0;75.3
SN19490;Gjettum PLU;10.51220;59.90580;;;;79.5;84.0;94.6
SN1950;Ørje;11.65268;59.48199;12.9;;;73.9;83.0;89.0
SN19510;Øvrevoll;10.62270;59.94046;;;;66.7;86.0;77.6
SN19530;Aurevann;10.46010;59.99670;;;;53.5;92.0;58.2
SN19710;Asker - Sem;10.43580;59.85580;12.4;11.4;1.0;63.9;97.0;65.9
SN19940;Lier;10.25980;59.79080;12.9;11.6;1.3;51.4;;
SN20280;Hverven;10.26617;60.14033;12.6;11.6;1.0;37.4;71.0;52.7
SN20301;Hønefoss;10.24780;60.16650;12.6;11.5;1.1;30.1;65.0;46.3
SN20520;Lunner;10.57516;60.29517;11.1;;;31.7;76.0;41.7
SN20540;Gran;10.55920;60.35580;11.4;10.4;1.0;41.6;70.0;59.4
SN21680;Vest-Torpa;10.03580;60.93450;9.0;8.0;1.0;48.4;80.0;60.5
SN22730;Hedal i Valdres;9.72380;60.61970;;;;37.5;82.0;45.7
SN22840;Reinli;9.49050;60.83460;;;;27.2;72.0;37.8
SN23410;Fagernes LH;9.30141;61.00279;7.9;6.9;1.0;;;
SN23420;Fagernes;9.22400;60.97850;10.9;9.4;1.5;20.8;56.0;37.1
SN23500;Løken i Volbu;9.06300;61.12200;9.3;8.6;0.7;31.5;55.0;57.3
SN23550;Beitostølen;8.92257;61.25094;7.0;6.3;0.7;40.6;67.0;60.6
SN23560;Beito;8.85570;61.24330;;;;46.8;75.0;62.4
SN23720;Vang i Valdres;8.56900;61.12400;;;;45.3;57.0;79.5
SN24600;Krødsherad;9.59606;60.13710;;;;39.2;95.0;41.3
SN24710;Gulsvik;9.60500;60.38300;12.1;11.1;1.0;30.5;78.0;39.1
SN24890;Nesbyen;9.13233;60.56692;10.5;9.7;0.8;20.7;49.0;42.2
SN24960;Gol − Stake;8.94780;60.71880;;;;21.2;51.0;41.6
SN25100;Hemsedal;8.52850;60.87030;;;;49.5;85.0;58.2
SN25110;Hemsedal;8.59294;60.85486;8.4;7.8;0.6;;;
SN25112;Hollekolten;8.51750;60.87050;8.2;7.4;0.8;;;
SN25115;Hemsedal Skis;8.49680;60.83970;4.9;3.5;1.4;;;
SN25320;Ål;8.56090;60.63910;;;;27.5;58.0;47.4
SN25540;Hol;8.00591;60.67925;7.2;;;55.9;80.0;69.9
SN25630;Geilo;8.19510;60.52990;8.1;7.4;0.7;47.9;61.0;78.5
SN25830;Finse;7.52700;60.59380;5.5;4.9;0.6;140.4;130.0;108.0
SN26060;Skotselv;9.89480;59.83870;12.5;11.6;0.9;;;
SN2650;Aurskog;11.58020;59.91180;11.6;10.5;1.1;48.1;68.0;70.7
SN26500;Geithus ;9.97280;59.92020;13.4;10.9;2.5;;;
SN26580;Bangeløkka;10.21420;59.73104;13.7;12.4;1.3;46.4;;
SN26590;Drammen Sletta;10.23120;59.74450;14.2;12.5;1.7;38.3;;
SN26594;Danvik ;10.19730;59.73270;;;;38.1;88.0;43.3
SN26630;Vestfossen ;9.87280;59.73230;12.9;11.7;1.2;31.4;;
SN26780;Olleveien;10.05820;59.76550;13.5;11.6;1.9;;;
SN26790;Orkidéhøgda ;10.02750;59.74980;13.5;12.2;1.3;;;
SN26820;Hokksund;9.89220;59.76130;13.0;11.8;1.2;41.0;70.0;58.6
SN26840;Langeløkka ;10.01230;59.76580;12.6;11.2;1.4;;;
SN26852;Bragernes skole ;10.22580;59.74870;;;;42.3;76.0;55.7
SN26864;Drammen sykehus ;10.19500;59.74970;;;;37.0;77.0;48.1
SN26872;Øren skole ;10.17050;59.75230;;;;36.8;74.0;49.7
SN26898;Åssiden ;10.13820;59.75380;;;;35.2;76.0;46.3
SN26900;Berskog;10.12062;59.75383;13.4;11.9;1.5;;;
SN26934;Solumstrand ;10.26880;59.71120;;;;44.0;84.0;52.4
SN26950;Svelvik - Knem;10.40470;59.60270;13.4;12.5;0.9;56.2;107.0;52.5
SN26990;Galleberg;10.21504;59.61933;12.9;11.6;1.3;49.0;91.0;53.8
SN26996;Lauvkollmyr;10.10400;59.64690;9.7;8.7;1.0;;;
SN27010;Konnerud ;10.14600;59.71300;11.9;10.5;1.4;41.9;98.0;42.8
SN27015;Jarlsbergveien ;10.14580;59.71920;;;;36.9;65.0;56.8
SN27120;Nykirke;10.38470;59.42830;12.9;11.6;1.3;47.8;105.0;45.5
SN27160;Horten;10.46470;59.41980;13.5;12.2;1.3;59.2;113.0;52.4
SN27270;Tønsberg (Kilen);10.43120;59.27820;13.9;12.6;1.3;50.9;86.0;59.2
SN27301;Ramnes;10.25010;59.35620;;;;49.5;108.0;45.8
SN27315;Ramnes (Kile) ;10.23970;59.38080;12.9;11.7;1.2;45.7;104.0;43.9
SN27330;Taranrød;10.29830;59.29380;12.9;11.7;1.2;;;
SN27400;Føynland;10.45604;59.23662;14.0;12.8;1.2;;;
SN27403;Knarrberg;10.45442;59.20840;14.0;12.8;1.2;99.2;100.0;99.2
SN27406;Torød;10.42380;59.16900;14.1;12.9;1.2;70.2;105.0;66.9
SN27420;Tjøme;10.39800;59.12050;13.9;12.8;1.1;69.7;104.0;67.0
SN27433;Tenvik;10.36550;59.17450;14.1;12.8;1.3;;;
SN27435;Vestskogen;10.40230;59.24170;13.6;12.4;1.2;59.8;124.0;48.2
SN27450;Melsom;10.34575;59.22974;13.4;12.1;1.3;60.3;114.0;52.9
SN27460;Borgheim;10.41030;59.21730;13.2;12.1;1.1;73.1;115.0;63.6
SN27470;Torp;10.25530;59.18450;13.4;11.8;1.6;;;
SN27500;Færder fyr;10.52420;59.02720;15.1;14.0;1.1;;;
SN27564;Mosserød;10.20250;59.15050;;;;75.1;79.0;95.1
SN27590;Sandefjord ;10.21950;59.12900;;;;69.1;96.0;72.0
SN27600;Sandefjord;10.21470;59.13200;;;;80.2;116.0;69.1
SN27770;Stokke;10.20220;59.27520;;;;53.8;116.0;46.4
SN27780;Tjølling;10.12506;59.04575;13.8;12.8;1.0;78.6;102.0;77.1
SN27800;Hedrum;9.96420;59.19640;13.2;;;57.7;115.0;50.2
SN28380;Kongsberg;9.63770;59.62470;12.2;10.8;1.4;31.4;85.0;36.9
SN28922;Veggli;9.14680;60.04350;11.1;10.2;0.9;25.3;78.0;32.4
SN29350;Uvdal kraftverk;8.70570;60.25500;10.3;7.7;2.6;;;
SN29400;Sandhaug;7.48050;60.18330;5.2;4.4;0.8;28.7;;
SN29600;Tunhovd;8.75110;60.46290;;;;33.9;56.0;60.5
SN29720;Dagali LH;8.52630;60.41880;7.4;6.5;0.9;;;
SN29950;Svenner fyr;10.14800;58.96880;14.9;13.7;1.2;;;
SN30000;Larvik;10.06670;59.05720;;;;93.2;105.0;88.8
SN30248;Brevik;9.70130;59.05370;;;;57.2;102.0;56.1
SN30249;Langangen ;9.80200;59.08750;;;;77.0;111.0;69.4
SN30255;Porsgrunn (Ås);9.66030;59.08720;13.5;12.2;1.3;50.8;104.0;48.8
SN30261;Porsgrunn;9.63850;59.13530;;;;44.6;108.0;41.3
SN30270;Kjølnes;9.66630;59.14050;;;;41.5;92.0;45.1
SN30320;Skien (Elstrøm);9.58950;59.19920;;;;41.5;83.0;50.0
SN30330;Gjerpen ;9.57720;59.22680;13.1;12.1;1.0;50.8;88.0;57.7
SN30380;Skien (Godal);9.53126;59.45482;;;;65.7;127.0;51.7
SN30530;Notodden;9.26430;59.56880;;;;31.9;81.0;39.4
SN30650;Notodden lh;9.21110;59.56660;12.7;11.2;1.5;;;
SN30860;Bergeligrend;9.05800;59.88610;9.3;;;37.5;85.0;44.1
SN30875;Busnesgrend;8.98651;59.81048;11.7;;;29.6;88.0;33.6
SN31080;Tessungdalen;8.70111;60.12843;;;;48.0;87.0;55.2
SN31400;Fyriegg;8.69780;59.86550;7.8;6.5;1.3;;;
SN31410;Rjukan;8.66630;59.88000;;;;41.6;89.0;46.7
SN31500;Frøystul;8.34770;59.82470;8.3;;;64.8;86.0;75.3
SN31520;Groset;8.31422;59.83566;7.8;;;54.5;76.0;71.7
SN31620;Møsstrand;8.17850;59.83970;7.6;6.5;1.1;59.5;81.0;73.5
SN31660;Mogen;7.91300;60.01800;7.7;;;74.3;78.0;95.3
SN3190;Sarpsborg;11.11280;59.28509;13.8;12.2;1.6;128.6;85.0;151.3
SN31970;Gaustatoppen;8.65620;59.84970;2.3;1.2;1.1;;;
SN3200;Baterød;11.13380;59.30720;;;;60.6;87.0;69.7
SN32060;Gvarv;9.21280;59.38220;12.8;11.6;1.2;44.7;83.0;53.9
SN32061;Gvarv (Bioforsk);9.21180;59.38220;12.7;11.4;1.3;48.0;;
SN32220;Lifjell ;8.98370;59.50220;7.1;5.9;1.2;98.2;217.0;45.3
SN32240;Bø;9.02870;59.41750;12.2;11.0;1.2;45.5;88.0;51.7
SN32780;Solum (Høydal);9.26680;59.14440;;;;30.0;106.0;28.3
SN3280;Rakkestad;11.39268;59.46127;;;;80.0;84.0;95.2
SN32890;Høydalsmo;8.19990;59.49652;9.4;8.4;1.0;43.4;97.0;44.7
SN3290;Rakkestad;11.39050;59.38820;12.5;10.9;1.6;77.7;87.0;89.3
SN33300;Honnegrasnuten;7.81730;59.76750;4.8;3.8;1.0;;;
SN3370;Øsaker;11.04217;59.31933;13.3;11.8;1.5;83.7;105.0;79.7
SN33890;Vågsli;7.36535;59.76637;10.2;7.1;3.1;144.4;95.0;152.0
SN33950;Haukeliseter;7.21430;59.81180;7.2;6.4;0.8;177.0;142.0;124.6
SN34130;Jomfruland;9.57450;58.85650;14.7;13.6;1.1;59.9;;
SN34580;Drangedal;9.06870;59.07670;;;;32.6;100.0;32.6
SN34900;Drangedal;8.76870;59.26470;;;;48.7;129.0;37.8
SN35090;Eikeland;9.09800;58.80370;;;;60.1;127.0;47.3
SN35210;Gjerstad;9.02630;58.87000;13.0;11.7;1.3;47.5;117.0;40.6
SN35340;Risør;9.21104;58.71840;;;;68.3;119.0;57.4
SN35860;Lyngør fyr;9.14780;58.63620;14.5;13.5;1.0;;;
SN36110;Arendal brannst;8.72280;58.46130;;;;64.9;129.0;50.3
SN36200;Torungen fyr;8.78930;58.39880;14.6;13.5;1.1;56.6;88.0;64.3
SN36330;Arendal lh;8.70280;58.51580;13.0;11.9;1.1;;;
SN36490;Bøylefoss;8.71700;58.59670;;;;48.6;137.0;35.5
SN36560;Nelaug;8.63384;58.65541;13.2;11.6;1.6;39.9;136.0;29.3
SN37230;Tveitsund;8.51859;59.02556;12.5;11.0;1.5;30.6;99.0;30.9
SN37500;Foldsæ;8.15170;59.32420;;;;48.0;96.0;50.0
SN37570;Borsæ;7.82762;59.37927;;;;82.1;115.0;71.4
SN3780;Hobøl;11.04680;59.63600;;;;49.9;86.0;58.0
SN38140;Landvik;8.52250;58.34000;13.7;12.7;1.0;71.6;137.0;52.3
SN38380;Dovland;8.03920;58.52340;;;;74.6;148.0;50.4
SN38600;Mykland;8.28721;58.63221;;;;52.4;124.0;42.3
SN38730;Hynnekleiv;8.41670;58.60070;12.1;10.8;1.3;46.3;123.0;37.6
SN38800;Tovdal;8.22950;58.79380;;;;59.5;135.0;44.1
SN39030;Hånes ;8.09150;58.18130;;;;78.9;118.0;66.9
SN39040;Kjevik;8.07670;58.20000;13.6;12.4;1.2;102.3;135.0;75.8
SN39100;Oksøy fyr;8.05320;58.07320;14.4;13.4;1.0;;;
SN39150;Sømskleiva;8.05200;58.15020;13.9;;;126.3;138.0;91.5
SN39165;Brannstasjonen ;7.99930;58.15550;;;;130.3;122.0;106.8
SN39201;Bråvann;7.93830;58.10950;;;;115.2;118.0;97.6
SN39750;Byglandsfjord;7.80310;58.68627;12.8;11.8;1.0;57.3;105.0;54.6
SN40250;Valle;7.52734;59.19712;10.6;10.0;0.6;114.0;108.0;105.6
SN4040;Enebakk;11.15350;59.75000;;;;59.5;88.0;67.6
SN40420;Bykle;7.34396;59.35058;9.2;;;113.9;94.0;121.2
SN40510;Blåsjø;6.88170;59.33350;6.0;5.5;0.5;;;
SN40880;Hovden;7.38965;59.57659;7.6;6.7;0.9;90.2;88.0;102.5
SN4090;Vallerudåsen ;10.94250;59.91400;;;;58.8;83.0;70.8
SN41090;Mandal;7.45170;58.02470;13.8;12.9;0.9;145.8;117.0;124.6
SN4110;Haneborg ;10.97620;59.94600;;;;50.7;83.0;61.1
SN41175;Kleiven;7.43880;58.27720;11.3;10.4;0.9;133.0;161.0;82.6
SN41480;Åseral - Kyrkjebygda;7.41280;58.61720;11.5;10.7;0.8;137.0;172.0;79.7
SN41550;Ljosland;7.35010;58.78780;;;;129.8;159.0;81.6
SN41770;Lindesnes fyr;7.04800;57.98150;14.4;13.6;0.8;103.1;119.0;86.6
SN41825;Lyngdal;7.04520;58.13400;13.0;12.2;0.8;211.0;;
SN4200;Kjeller;11.03830;59.97080;12.4;11.5;0.9;;;
SN42160;Lista fyr;6.56750;58.10900;14.1;13.3;0.8;87.4;116.0;75.3
SN42520;Fjotland;6.94430;58.65770;;;;255.9;184.0;139.1
SN4260;Skjetten;10.97770;59.97750;12.4;11.2;1.2;36.6;86.0;42.6
SN42650;Flekkefjord;6.64980;58.28399;;;;271.3;209.0;129.8
SN42720;Bakke;6.65700;58.41170;;;;222.7;194.0;114.8
SN42810;Tonstad − Nettfed;6.70900;58.66420;;;;234.0;173.0;135.3
SN42940;Sinnes;6.90970;58.92300;9.4;9.0;0.4;175.5;147.0;119.4
SN43010;Eik - Hove;6.50460;58.50720;11.9;11.5;0.4;313.2;220.0;142.4
SN43090;Jøssingfjord;6.35820;58.32500;;;;261.3;203.0;128.7
SN43350;Eigerøya;5.87183;58.43517;13.5;13.2;0.3;;;
SN43810;Maudal;6.36750;58.76447;10.9;;;411.6;268.0;153.6
SN44080;Obrestad fyr;5.55456;58.65850;13.5;12.9;0.6;177.6;130.0;136.6
SN44190;Time;5.72620;58.73450;12.5;;;206.3;146.0;141.3
SN44300;Særheim;5.65080;58.76050;12.6;12.4;0.2;249.0;150.0;166.0
SN44480;Søyland Gjesdal;5.98170;58.68550;;;;408.5;252.0;162.1
SN44520;Gjesdal;6.01350;58.75500;;;;344.8;233.0;148.0
SN44560;Sola;5.63700;58.88430;13.3;13.2;0.1;169.6;132.0;128.5
SN4460;Hakadal;10.82900;60.11730;11.2;10.3;0.9;54.7;106.0;51.6
SN44610;Kvitsøy;5.41220;59.07050;13.4;13.3;0.1;;;
SN44640;Våland;5.72780;58.95630;12.7;12.7;0.0;212.3;155.0;137.0
SN44730;Sandnes − Rovik;5.75920;58.86620;13.0;;;267.8;129.0;207.6
SN44760;Ims;5.96435;58.90517;;;;257.8;174.0;148.2
SN44800;Sviland;5.91623;58.81675;;;;315.0;203.0;155.2
SN45350;Lysebotn;6.64670;59.05512;12.7;12.6;0.1;345.2;198.0;174.3
SN45530;Liarvatn;6.12120;59.05120;10.9;11.0;-0.1;429.0;250.0;171.6
SN45770;Hjelmeland;6.14980;59.23000;12.2;11.3;0.9;;;
SN45870;Fister;6.03650;59.16000;13.1;13.0;0.1;239.9;159.0;150.9
SN46220;Gullingen;6.46970;59.41280;8.6;8.6;0.0;428.5;;
SN46300;Suldalsvatn;6.80900;59.58870;;;;303.2;180.0;168.4
SN46430;Røldalsfjellet;6.73300;59.83150;6.4;6.4;0.0;383.9;215.0;178.6
SN46432;Elvershei;6.71080;59.83570;3.9;3.5;0.4;;;
SN46460;Røldal kraftverk;6.81800;59.82220;9.7;;;241.2;176.0;137.0
SN46610;Sauda;6.34990;59.64790;12.0;12.0;0.0;364.4;219.0;166.4
SN46850;Vikedal;5.99480;59.55530;;;;508.4;318.0;159.9
SN46930;Vats i Vindafjord;5.72088;59.49260;12.0;11.9;0.1;308.0;233.0;132.2
SN47240;Karmøy;5.26230;59.26950;;;;240.3;179.0;134.2
SN47260;Haugesund LH;5.21150;59.34450;13.1;12.9;0.2;;;
SN47270;Karmøy - Hydro;5.31195;59.31168;;;;209.5;172.0;121.8
SN47300;Utsira;4.87230;59.30650;13.0;13.0;0.0;182.2;122.0;149.3
SN47350;Røvær;5.07800;59.43820;13.2;13.2;0.0;;;
SN4740;Ukkestad;11.05100;60.17420;;;;50.6;83.0;61.0
SN47450;Straumøy;5.43350;59.65320;;;;281.1;177.0;158.8
SN47498;Etne ;5.95380;59.66250;12.3;12.2;0.1;315.3;206.0;153.1
SN47600;Litledal;6.06306;59.66332;11.8;;;329.8;230.0;143.4
SN47610;Basura;6.08730;59.63570;8.9;;;403.5;299.0;134.9
SN4780;Gardermoen;11.08020;60.20650;12.0;10.6;1.4;45.7;81.0;56.4
SN47820;Eikemo;6.27851;59.85933;;;;442.8;268.0;165.2
SN47890;Opstveit;6.01700;59.85780;11.9;;;484.9;297.0;163.3
SN48120;Stord LH;5.34070;59.79330;12.2;12.6;-0.4;;;
SN48330;Slåtterøy fyr;5.06680;59.90700;13.0;13.2;-0.2;;;
SN48450;Husnes;5.76946;59.86412;;;;320.7;218.0;147.1
SN48500;Rosendal;6.02637;59.99133;;;;289.9;196.0;147.9
SN49080;Øvre Krossdalen;6.38664;60.28029;10.0;;;284.2;193.0;147.3
SN49085;Folgefonna;6.43470;60.22630;4.8;4.3;0.5;;;
SN49087;Folgefonna topp;6.40585;60.22353;3.9;3.5;0.4;;;
SN4920;Årnes;11.39330;60.12680;11.9;10.5;1.4;48.0;67.0;71.6
SN49220;Odda - Jordal;6.53950;60.04470;11.4;10.9;0.5;191.6;;
SN49245;Skare;6.58870;59.93330;10.2;9.8;0.4;367.1;;
SN49490;Ullensvang;6.65380;60.31850;11.9;11.4;0.5;164.4;138.0;119.1
SN49631;Eidfjord;7.06597;60.46473;11.8;;;142.6;107.0;133.3
SN49800;Fet i Eidfjord;7.28035;60.40807;7.9;7.5;0.4;163.9;96.0;170.7
SN50070;Kvamsøy;6.28050;60.36320;11.8;12.2;-0.4;272.7;171.0;159.5
SN50150;Hatlestrand;5.90320;60.04500;;;;300.5;223.0;134.8
SN50175;Austevoll;5.20380;60.01670;12.4;12.7;-0.3;250.8;174.0;144.1
SN50310;Kvamskogen;5.96366;60.38892;9.1;9.3;-0.2;375.2;282.0;133.0
SN50450;Fana;5.33050;60.27280;;;;327.4;234.0;139.9
SN50480;Sandsli;5.27770;60.29130;12.4;;;336.2;220.0;152.8
SN50500;Flesland;5.22650;60.28920;11.3;12.0;-0.7;297.3;208.0;142.9
SN50503;Sædalen ;5.39670;60.35000;10.7;11.2;-0.5;408.9;243.0;168.3
SN50539;Bergen (UiB);5.33200;60.38370;12.4;12.6;-0.2;405.4;255.0;159.0
SN50540;Bergen;5.33270;60.38300;12.4;12.6;-0.2;371.3;248.0;149.7
SN50570;Skredderdalen;5.33580;60.40400;10.7;10.6;0.1;419.4;255.0;164.5
SN50810;Åsane;5.34180;60.47420;11.6;11.6;0.0;;;
SN50865;Gullfjellet;5.54200;60.38280;9.7;10.1;-0.4;506.4;347.0;145.9
SN51010;Fossmark;5.72430;60.52050;11.7;12.0;-0.3;422.2;264.0;159.9
SN51250;Øvstedal;5.96470;60.68870;;;;463.2;302.0;153.4
SN51440;Evanger;6.11050;60.64700;11.2;11.0;0.2;244.3;188.0;129.9
SN51470;Bulken;6.22200;60.64550;9.9;10.2;-0.3;236.8;185.0;128.0
SN51530;Vossavangen;6.42650;60.62520;11.4;11.0;0.4;144.6;129.0;112.1
SN51800;Mjølfjell;6.93733;60.70204;8.3;8.2;0.1;240.1;173.0;138.8
SN51990;Vetlebotn;6.47330;60.86550;7.7;8.0;-0.3;442.6;263.0;168.3
SN52170;Eksingedal;6.14680;60.80280;;;;335.4;248.0;135.2
SN52310;Modalen;5.97580;60.85900;11.6;10.4;1.2;;;
SN52400;Eikanger;5.37420;60.62680;;;;370.6;242.0;153.1
SN52475;Sele i Øygarden ;4.89330;60.53130;;;;210.8;177.0;119.1
SN52535;Fedje;4.71500;60.75250;12.6;12.8;-0.2;;;
SN52750;Risnes;5.21080;60.84620;;;;318.6;266.0;119.8
SN52860;Takle;5.38130;61.02720;11.5;11.7;-0.2;367.3;269.0;136.5
SN52930;Verkland i Gulen;5.42500;60.95850;;;;537.6;344.0;156.3
SN52970;Sørebø;5.90630;61.06570;;;;271.5;187.0;145.2
SN52990;Ortnevik;6.13400;61.10950;;;;179.7;135.0;133.1
SN53070;Vik i Sogn;6.58130;61.07280;;;;160.7;107.0;150.2
SN53101;Vangsnes;6.64520;61.17240;11.3;11.7;-0.4;211.0;107.0;197.2
SN53130;Fresvik;6.93450;61.06880;;;;136.0;91.0;149.5
SN53160;Jordalen;6.72430;60.90040;;;;329.9;194.0;170.1
SN53480;Klevavatnet;7.20850;60.71920;6.7;6.3;0.4;222.3;142.0;156.5
SN5350;Nord-Odal;11.55906;60.38820;12.0;10.9;1.1;36.9;78.0;47.3
SN53530;Midtstova;7.27550;60.65630;5.5;5.0;0.5;;;
SN53700;Aurland;7.20100;60.90270;;;;111.8;71.0;157.5
SN54110;Lærdal;7.50250;61.10330;11.0;10.9;0.1;;;
SN54320;Borgund;7.81792;61.05836;9.3;;;77.8;56.0;138.9
SN54420;Øljusjø;8.08609;61.00425;6.1;;;67.4;63.0;107.0
SN54600;Maristova;8.03686;61.10988;7.0;;;91.0;75.0;121.3
SN54710;Filefjell − Kyrkjestølane;8.11250;61.17800;6.1;5.7;0.4;83.4;60.0;139.0
SN55000;Luster − Ornes;7.31320;61.29941;11.7;11.8;-0.1;150.4;;
SN55290;Sognefjellhytta;7.99570;61.56480;3.4;2.9;0.5;;;
SN55300;Skjolden;7.60600;61.49620;;;;163.1;90.0;181.2
SN55425;Spørteggbu;7.38920;61.59720;2.1;1.6;0.5;;;
SN55430;Mjølversgrendi;7.27620;61.65950;9.2;9.2;0.0;198.7;127.0;156.5
SN55670;Veitastrond;7.03400;61.47830;;;;244.4;162.0;150.9
SN55700;Sogndal LH;7.14130;61.15800;8.6;8.8;-0.2;;;
SN55770;Njøs;6.86080;61.17920;11.4;11.8;-0.4;169.8;108.0;157.2
SN55820;Fjærland;6.76430;61.42346;10.2;10.0;0.2;270.3;176.0;153.6
SN5590;Kongsvinger;12.00692;60.19043;12.1;10.7;1.4;33.7;62.0;54.4
SN55928;Balestrand ;6.52850;61.20280;11.0;11.4;-0.4;252.4;164.0;153.9
SN56010;Høyanger Verk;6.07020;61.22000;;;;359.1;229.0;156.8
SN56320;Lavik;5.54130;61.11240;;;;388.8;241.0;161.3
SN56400;Kolgrov;4.66930;61.00700;;;;241.6;169.0;143.0
SN56420;Fureneset;5.04430;61.29280;10.5;12.1;-1.6;313.3;222.0;141.1
SN56520;Hovlandsdal;5.43420;61.23200;;;;481.6;348.0;138.4
SN5660;Roverud;12.09130;60.25370;11.7;10.5;1.2;28.0;59.0;47.5
SN56780;Sygna;5.72650;61.34350;;;;309.3;238.0;130.0
SN56850;Gaular;6.19830;61.32620;;;;291.6;208.0;140.2
SN56960;Haukedalen;6.37580;61.42020;9.5;9.4;0.1;296.7;232.0;127.9
SN57000;Førde LH;5.76000;61.39100;9.8;9.7;0.1;;;
SN57340;Kvamsfjellet;6.09600;61.45730;5.2;5.6;-0.4;;;
SN57390;Skei i Jølster;6.49010;61.57551;;;;295.7;191.0;154.8
SN57480;Botnen i Førde;6.05860;61.53490;;;;365.3;282.0;129.5
SN57660;Eimhjellen;5.81570;61.64070;;;;360.1;275.0;130.9
SN57710;Florø LH;5.02780;61.58320;12.0;12.2;-0.2;;;
SN57770;Ytterøyane fyr;4.68170;61.57170;12.6;12.9;-0.3;;;
SN57790;Myklebustfjellet;5.20070;61.67880;6.7;7.4;-0.7;;;
SN57810;Svelgen;5.29830;61.77070;12.0;12.1;-0.1;320.2;298.0;107.4
SN57850;Daviknes;5.53330;61.89860;;;;250.7;246.0;101.9
SN57940;Ålfoten;5.66740;61.83195;;;;273.8;219.0;125.0
SN58070;Sandane;6.18350;61.78730;11.1;11.4;-0.3;172.7;129.0;133.9
SN58100;Sandane LH;6.10430;61.82930;11.1;11.2;-0.1;;;
SN58320;Myklebust Breim;6.61527;61.71310;;;;277.7;187.0;148.5
SN58390;Innvik;6.60000;61.83800;;;;197.6;116.0;170.3
SN58780;Nordfjordeid;6.03920;61.91830;;;;234.7;183.0;128.3
SN58860;Trolledalsegga ;6.10650;61.89020;5.0;5.3;-0.3;;;
SN58900;Stryn;6.55817;61.91533;9.9;10.1;-0.2;235.7;151.0;156.1
SN58960;Hornindal;6.65020;62.00330;9.2;;;278.1;193.0;144.1
SN59110;Kråkenes;4.98650;62.03400;12.1;12.4;-0.3;;;
SN59250;Refvik;5.08780;61.99850;;;;197.8;202.0;97.9
SN59450;Stadlandet;5.21150;62.14670;11.6;11.4;0.2;262.8;271.0;97.0
SN59680;Ørsta-Volda LH;6.07806;62.18041;11.1;10.9;0.2;;;
SN59695;Eitrefjell ;6.28770;62.16000;7.8;8.1;-0.3;283.7;221.0;128.4
SN59800;Svinøy fyr;5.26800;62.32930;12.3;12.6;-0.3;;;
SN60;Linnes;12.49900;61.55810;;;;58.7;86.0;68.3
SN60190;Roaldshornet;6.84900;62.30650;5.4;5.4;0.0;;;
SN6020;Flisa;12.01252;60.61422;11.8;10.5;1.3;29.9;60.0;49.8
SN60400;Norddal;7.23856;62.24738;10.9;;;148.7;107.0;139.0
SN60500;Tafjord;7.42180;62.23050;11.2;11.7;-0.5;118.3;90.0;131.4
SN60620;Grønning;7.51398;62.32900;9.3;;;154.6;128.0;120.8
SN60640;Valldal;7.25250;62.29700;11.7;11.8;-0.1;132.2;113.0;117.0
SN60650;Linge;7.21730;62.28800;11.5;11.6;-0.1;146.8;111.0;132.3
SN60800;Ørskog;6.81670;62.47750;11.5;11.5;0.0;201.5;169.0;119.2
SN60810;Lebergsfjellet ;6.87170;62.51580;7.9;8.5;-0.6;;;
SN60945;Ålesund;6.21080;62.47030;11.9;12.3;-0.4;200.3;161.0;124.4
SN60990;Vigra;6.11500;62.56170;11.8;12.2;-0.4;;;
SN61060;Rekdal;6.75520;62.65120;11.2;11.6;-0.4;;;
SN61340;Åndalsnes;7.67200;62.56430;11.2;11.4;-0.2;188.1;130.0;144.7
SN61410;Mannen;7.77030;62.45550;4.2;4.2;0.0;176.7;132.0;133.9
SN61420;Marstein;7.83550;62.44580;10.8;11.0;-0.2;151.3;120.0;126.1
SN61630;Bjorli;8.20000;62.25830;8.0;8.0;0.0;59.5;36.0;165.3
SN61820;Eresfjord;8.10500;62.66300;;;;251.2;158.0;159.0
SN62160;Istad;7.70020;62.80500;;;;199.4;175.0;113.9
SN62270;Molde LH;7.26170;62.74430;11.4;11.4;0.0;;;
SN62290;Molde − Nøisomhed;7.22750;62.74130;11.6;;;282.2;181.0;155.9
SN62295;Hindalsrøra;7.20880;62.75600;9.6;9.8;-0.2;232.0;228.0;101.8
SN62480;Ona;6.53780;62.85850;12.1;12.5;-0.4;;;
SN62700;Hostadvatn;7.24360;62.90870;10.7;10.7;0.0;271.1;254.0;106.7
SN62900;Eide;7.38960;62.89090;;;;289.3;252.0;114.8
SN62980;Reinsfjellet;7.92500;62.93000;5.6;6.0;-0.4;;;
SN63420;Sunndalsøra;8.54730;62.67850;11.8;12.0;-0.2;118.7;95.0;124.9
SN63580;Ångårdsvatnet;9.19670;62.67080;;;;78.0;69.0;113.0
SN63630;Storhornet ;9.39200;62.63520;2.7;2.3;0.4;;;
SN63705;Oppdal;9.66600;62.60270;8.8;8.5;0.3;66.5;45.0;147.8
SN63820;Drivdalen;9.58176;62.44750;8.3;8.0;0.3;67.6;43.0;157.2
SN64300;Karihola;7.70270;63.12570;;;;114.1;122.0;93.5
SN64330;Kristiansund LH;7.81580;63.10930;11.2;11.5;-0.3;;;
SN6440;Vermundsjøen;12.36900;60.69250;;;;40.1;59.0;68.0
SN64510;Tingvoll;8.18620;62.91330;11.2;11.2;0.0;203.4;133.0;152.9
SN64700;Innerdalen;8.77541;62.72189;9.5;9.4;0.1;168.5;161.0;104.7
SN64760;Sylte;8.68950;62.98530;11.0;10.4;0.6;156.8;142.0;110.4
SN64870;Tågdalen;9.08789;63.04933;9.0;8.9;0.1;164.4;137.0;120.0
SN65230;Hemne (Lenes);9.01150;63.26130;;;;156.8;160.0;98.0
SN65310;Veiholmen;7.94820;63.51760;12.1;12.3;-0.2;;;
SN65370;Smøla;8.06300;63.41970;;;;142.4;142.0;100.3
SN65451;Hitra;9.11232;63.51842;11.5;11.5;0.0;85.6;143.0;59.9
SN65940;Sula;8.45430;63.84290;11.8;11.8;0.0;;;
SN66150;Orkanger;9.84950;63.31530;10.5;10.2;0.3;91.8;84.0;109.3
SN66620;Rennebu;9.83540;62.86400;;;;121.9;66.0;184.7
SN66850;Kvikne;10.27100;62.59620;;;;87.3;57.0;153.2
SN67140;Skjetlein;10.29730;63.34030;10.4;10.7;-0.3;80.6;105.0;76.8
SN67150;Leinstrand;10.27330;63.32810;;;;114.4;93.0;123.0
SN67280;Soknedal;10.17880;62.95350;9.0;8.9;0.1;137.1;77.0;178.1
SN67560;Kotsøy;10.56080;62.97630;9.7;9.4;0.3;116.4;88.0;132.3
SN68050;Lade;10.44280;63.44280;11.0;11.2;-0.2;76.5;85.0;90.0
SN68120;Saupstad;10.35970;63.36280;10.0;10.1;-0.1;112.3;107.0;105.0
SN68125;Sverresborg;10.34980;63.42230;9.5;9.8;-0.3;91.7;115.0;79.7
SN68230;Risvollan;10.42282;63.39861;;;;99.4;102.0;97.5
SN68270;Løksmyr;10.43690;63.23150;;;;138.1;112.0;123.3
SN68290;Selbu;11.00750;63.22480;10.3;10.2;0.1;85.5;79.0;108.2
SN68420;Aunet;11.56690;63.05560;;;;125.7;98.0;128.3
SN68860;Trondheim − Voll;10.45380;63.41070;10.4;10.6;-0.2;89.9;90.0;99.9
SN68863;Trondheim - Voll PLU;10.45350;63.41070;10.2;10.5;-0.3;90.9;88.0;103.3
SN69020;Ranheim;10.51500;63.42680;11.1;11.2;-0.1;92.9;92.0;101.0
SN69100;Værnes;10.93050;63.45970;11.1;11.0;0.1;100.8;89.0;113.3
SN69150;Kvithamar;10.87961;63.48813;10.6;11.0;-0.4;105.9;101.0;104.9
SN69380;Meråker;11.72790;63.41129;9.8;9.7;0.1;89.7;95.0;94.4
SN69420;Kluksdal;11.90450;63.28550;;;;121.7;96.0;126.8
SN69550;Hegra (Østås);11.35360;63.48710;;;;164.0;125.0;131.2
SN69655;Frosta;10.69320;63.56520;11.3;11.1;0.2;86.5;88.0;98.3
SN69960;Buran;11.54360;63.71990;;;;123.7;98.0;126.2
SN700;Drevsjø;12.04620;61.88700;7.6;7.0;0.6;19.7;58.0;34.0
SN70510;Vera;12.38040;63.78562;8.7;;;96.2;121.0;79.5
SN70680;Mære;11.42550;63.94250;10.7;10.5;0.2;97.5;;
SN70820;Utgård;11.72900;64.11630;;;;88.7;99.0;89.6
SN70850;Snåsa - Kjevlia;12.46920;64.15870;9.5;9.3;0.2;109.7;110.0;99.7
SN70930;Snåsa (Nagelhus);12.43797;64.24898;;;;116.7;105.0;111.1
SN71000;Steinkjer;11.44930;64.02170;10.8;10.5;0.3;89.5;83.0;107.8
SN71320;Rissa;9.97007;63.58571;10.8;11.0;-0.2;131.0;134.0;97.8
SN71550;Ørland;9.61040;63.70440;11.4;11.3;0.1;92.5;110.0;84.1
SN71780;Åfjord;10.22370;63.96780;10.6;10.9;-0.3;153.8;175.0;87.9
SN71850;Halten fyr;9.40520;64.17270;11.7;11.7;0.0;;;
SN71900;Bessaker;10.32570;64.24480;;;;140.6;130.0;108.2
SN71990;Buholmråsa fyr;10.45500;64.40130;12.2;11.9;0.3;;;
SN72580;Namsos LH;11.57050;64.47080;10.7;10.3;0.4;;;
SN72710;Skogmo;12.01905;64.51032;10.4;9.9;0.5;121.4;;
SN730;Valdalen;12.17220;62.07580;;;;56.0;68.0;82.4
SN73250;Sørli;13.76510;64.24325;;;;92.0;71.0;129.6
SN73550;Gartland;12.38370;64.53100;9.2;8.8;0.4;110.8;128.0;86.6
SN73800;Tunnsjø;13.65060;64.68370;;;;80.6;95.0;84.8
SN7420;Rena øvingsfelt;11.49939;61.37635;7.3;6.4;0.9;83.2;79.0;105.3
SN74350;Namsskogan;12.84600;64.74220;9.6;9.0;0.6;105.9;124.0;85.4
SN75020;Otterøy;11.28055;64.52280;;;;127.4;156.0;81.7
SN75100;Liafoss;11.95470;64.83820;;;;187.0;225.0;83.1
SN75220;Rørvik;11.14080;64.83500;11.0;10.8;0.2;;;
SN75410;Nordøyan fyr;10.54930;64.79770;11.7;11.4;0.3;;;
SN75550;Sklinna fyr;10.99650;65.20230;11.6;11.2;0.4;;;
SN76240;Kvaløyfjellet;11.99280;65.21930;9.2;9.3;-0.1;;;
SN76250;Sømna (Stein);12.16440;65.29650;;;;174.4;156.0;111.8
SN76330;Brønnøysund;12.21959;65.46072;11.6;11.1;0.5;;;
SN76450;Vega;11.85620;65.70170;11.0;10.5;0.5;117.0;127.0;92.1
SN76530;Tjøtta;12.42550;65.82950;10.9;10.9;0.0;;;
SN7660;Åkrestrømmen;11.20420;61.69600;;;;39.2;50.0;78.4
SN76750;Sandnessjøen;12.47850;65.96350;11.2;11.0;0.2;;;
SN770;Ellefsplass;11.45250;62.20400;;;;64.2;59.0;108.8
SN77230;Mosjøen LH;13.21800;65.78420;9.9;8.9;1.0;67.5;134.0;50.4
SN77280;Laksfors;13.28920;65.62150;9.9;8.7;1.2;84.9;136.0;62.4
SN77425;Majavatn;13.36670;65.16620;8.9;8.1;0.8;101.1;128.0;79.0
SN77490;Kappfjellet;13.44830;65.31430;4.9;4.2;0.7;;;
SN77850;Susendal;14.24580;65.36750;;;;80.3;88.0;91.2
SN78250;Leirfjord;12.90980;66.06680;;;;159.6;222.0;71.9
SN78350;Bardal;13.39170;66.21780;;;;106.8;191.0;55.9
SN78360;Seljelia;13.58670;66.13170;9.7;8.7;1.0;98.7;176.0;56.1
SN78370;Bjerka (Valla);13.80670;66.14150;;;;103.9;146.0;71.2
SN78800;Varntresk;14.19420;65.82550;8.8;7.7;1.1;68.0;104.0;65.4
SN7920;Finstad - Nyhus;11.03550;62.10830;;;;61.3;50.0;122.6
SN79220;Skamdal;13.90400;66.23480;10.1;9.0;1.1;104.2;164.0;63.5
SN7950;Rena flyplass;11.37470;61.18470;9.8;8.8;1.0;30.6;72.0;42.5
SN79600;Mo i Rana LH;14.30150;66.36430;10.0;8.8;1.2;;;
SN79700;Storforshei;14.53000;66.39620;9.5;8.2;1.3;102.6;140.0;73.3
SN79764;Dunderlandsdalen;14.95400;66.49930;8.8;7.7;1.1;81.6;142.0;57.5
SN80102;Solvær;12.61100;66.37050;11.5;11.0;0.5;;;
SN80200;Lurøy;13.18480;66.38920;10.4;10.0;0.4;192.1;347.0;55.4
SN80610;Myken;12.48600;66.76280;11.4;10.9;0.5;63.5;95.0;66.8
SN80700;Glomfjord;13.97930;66.81020;10.7;9.9;0.8;;;
SN80705;Skihytta;13.94800;66.82750;8.2;7.5;0.7;106.6;243.0;43.9
SN80707;Tverrfjellet;13.90670;66.83030;4.6;4.7;-0.1;;;
SN80740;Reipå;13.64600;66.90350;11.0;9.5;1.5;;;
SN80880;Våtvikfjellet;14.16790;67.09438;7.0;6.3;0.7;;;
SN810;Tufsingdal;11.73200;62.27760;;;;51.5;61.0;84.4
SN8140;Evenstad;11.07937;61.42727;10.1;8.9;1.2;;;
SN81650;Saltdal − Nordnes;15.31550;66.93680;9.8;8.1;1.7;63.7;69.0;92.3
SN81775;Lønsdal;15.46280;66.74350;8.1;6.9;1.2;63.2;59.0;107.1
SN82000;Setså;15.48570;67.16580;10.0;9.1;0.9;95.6;90.0;106.2
SN82110;Valnesfjord;15.10182;67.27642;10.8;9.4;1.4;63.6;135.0;47.1
SN82290;Bodø;14.38263;67.27265;11.0;10.1;0.9;74.9;129.0;58.1
SN82310;Skivika;14.43090;67.30840;11.3;;;77.2;127.0;60.8
SN82410;Helligvær;13.89580;67.40480;11.2;10.4;0.8;;;
SN82720;Sisovatnet;15.82820;67.33350;7.0;5.4;1.6;70.5;231.0;30.5
SN82840;Strøksnes;15.49530;67.52580;;;;73.5;157.0;46.8
SN83300;Steigen;15.11051;67.92257;;;;85.8;135.0;63.6
SN83710;Drag;16.08288;68.04844;11.0;9.6;1.4;53.0;102.0;52.0
SN84210;Losistua;17.79050;68.19050;6.1;5.2;0.9;50.1;98.0;51.1
SN8450;Atndalen (nedre);10.50100;61.79100;;;;28.1;46.0;61.1
SN84500;Straumsnes;17.66200;68.43200;9.1;8.1;1.0;63.0;122.0;51.6
SN84630;Fagernesfjellet;17.48020;68.42100;4.0;3.7;0.3;;;
SN84880;Katterat;17.96600;68.39950;8.2;6.9;1.3;70.8;114.0;62.1
SN84900;Bjørnfjell;18.07670;68.43230;6.7;5.2;1.5;61.2;109.0;56.1
SN84970;Evenes LH;16.68330;68.49120;9.9;8.5;1.4;;;
SN85040;Rotvær;15.94300;68.36800;10.9;9.8;1.1;;;
SN85080;Kanstadbotn;15.87686;68.51699;9.4;7.3;2.1;134.2;220.0;61.0
SN85380;Skrova fyr;14.64850;68.15350;11.3;10.4;0.9;;;
SN85440;Vågan;14.65220;68.32670;;;;195.7;276.0;70.9
SN85450;Svolvær LH;14.66547;68.24157;10.8;9.8;1.0;;;
SN85470;Kongsmarka;14.47930;68.24170;;;;207.3;252.0;82.3
SN85560;Leknes LH;13.61214;68.15579;10.2;9.4;0.8;75.3;128.0;58.8
SN85840;Værøy;12.72280;67.65270;11.0;10.1;0.9;;;
SN85890;Røst;12.10380;67.52670;10.9;9.9;1.0;45.3;76.0;59.6
SN86520;Kleiva;15.28323;68.64811;10.0;9.1;0.9;109.3;120.0;91.1
SN86600;Stokmarknes LH;15.02894;68.58010;9.9;9.2;0.7;;;
SN86740;Bø Vesterålen;14.43470;68.60720;10.5;9.7;0.8;67.0;84.0;79.8
SN87000;Ånstadblåheia;15.31120;68.71830;6.3;6.4;-0.1;;;
SN87110;Andøya LH;16.13120;69.30730;9.5;8.8;0.7;76.2;113.0;67.4
SN87120;Trolltinden;16.00300;69.24130;6.4;6.4;0.0;;;
SN8720;Atnsjøen;10.13980;61.89020;;;;55.2;53.0;104.2
SN87640;Harstad;16.53620;68.80290;9.9;8.9;1.0;49.1;77.0;63.8
SN87772;Sætertinden;16.36080;68.58630;2.6;2.3;0.3;;;
SN88100;Bardu;18.24420;68.64570;8.3;6.8;1.5;57.7;113.0;51.1
SN88200;Laukhella;17.90130;69.23480;;;;81.5;114.0;71.5
SN88690;Hekkingen fyr;17.83117;69.60050;10.1;9.1;1.0;;;
SN8880;Alvdal ;10.62680;62.10930;8.6;7.4;1.2;71.5;;
SN89010;Kistefjell;18.12880;69.28970;3.0;2.8;0.2;;;
SN89350;Bardufoss;18.54370;69.05770;8.6;7.4;1.2;39.2;71.0;55.2
SN89940;Dividalen;19.70167;68.78167;7.4;6.5;0.9;55.6;53.0;104.9
SN89980;Tamokdalen;19.62780;69.09350;7.7;6.6;1.1;68.4;112.0;61.1
SN89985;Sjufjellet;19.54420;69.10250;3.0;2.5;0.5;;;
SN90100;Pålfinnmoen;18.67730;69.41400;9.1;7.9;1.2;59.4;144.0;41.2
SN90110;Skolten ;18.62080;69.42290;4.6;4.4;0.2;;;
SN90400;Tromsø (Holt);18.90950;69.65380;9.4;8.3;1.1;55.3;101.0;54.8
SN90450;Tromsø (Vervarslinga);18.93680;69.65370;9.0;7.8;1.2;55.0;111.0;49.5
SN90451;Tromsø PLU;18.93650;69.65370;;;;54.2;101.0;53.7
SN90490;Tromsø LH;18.91330;69.67670;9.2;7.9;1.3;;;
SN90495;Stakkevollan ;18.98200;69.69420;8.9;7.7;1.2;56.6;92.0;61.5
SN90510;Tromsdalen ;19.00650;69.65080;8.7;7.2;1.5;64.6;106.0;60.9
SN90560;Kvaløysletta ;18.87720;69.69880;8.9;7.9;1.0;;;
SN90650;Grunnfjord;19.57300;70.00830;;;;46.2;101.0;45.7
SN90720;Måsvik;18.69380;69.99030;10.1;9.3;0.8;;;
SN90760;Fakken;20.11451;70.10426;9.5;8.0;1.5;;;
SN90800;Torsvåg fyr;19.49970;70.24520;9.8;8.9;0.9;;;
SN91080;Ytre Holmebukt;19.71300;69.50000;;;;66.1;79.0;83.7
SN91120;Lyngen;20.15180;69.55980;5.8;5.4;0.4;;;
SN91130;Lyngen;20.09400;69.55880;5.5;4.9;0.6;;;
SN91150;Lyngen - Ura;20.09307;69.58870;9.8;;;52.9;83.0;63.7
SN91180;Straumen ;20.13870;69.89150;9.5;8.3;1.2;79.7;92.0;86.6
SN91251;Váddjá;20.52680;69.47220;9.7;8.4;1.3;;;
SN91380;Skibotn;20.28230;69.38750;9.1;8.1;1.0;43.1;43.0;100.2
SN91430;Rihpojávri;20.57950;69.22350;6.8;5.7;1.1;;;
SN91530;Gámanjunni ;20.57870;69.48180;1.3;1.6;-0.3;;;
SN91551;Holmen;20.86930;69.48020;10.2;8.8;1.4;;;
SN9160;Folldal;9.99476;62.12799;6.9;6.5;0.4;44.8;29.0;154.5
SN91725;Skjervøy;20.96250;70.03320;;;;43.0;79.0;54.4
SN91729;Trolltinden;20.43100;70.07500;3.1;3.2;-0.1;;;
SN91740;Sørkjosen;20.95240;69.79020;9.6;8.4;1.2;;;
SN92350;Nordstraum;21.89580;69.83620;9.8;8.5;1.3;56.2;47.0;119.6
SN92650;Nuvsvåg;22.07050;70.23680;9.1;8.1;1.0;98.9;133.0;74.4
SN92750;Hasvik LH;22.14570;70.48650;9.2;8.6;0.6;;;
SN92860;Dealljá;22.34130;70.17280;6.0;5.4;0.6;;;
SN92910;Sopnesbukt;22.32430;70.05180;;;;59.7;67.0;89.1
SN93000;Hasvik;22.44280;70.60700;6.3;5.6;0.7;;;
SN9310;Hjerkinn;9.54196;62.22058;6.2;5.7;0.5;62.9;36.0;174.7
SN93140;Alta LH;23.35820;69.97750;9.4;8.2;1.2;97.8;37.0;264.3
SN93301;Suolovuopmi;23.53450;69.57970;6.5;5.2;1.3;92.4;37.0;249.7
SN93700;Kautokeino (Guovdageaidnu);23.03490;68.99640;6.9;6.0;0.9;148.9;43.0;346.3
SN9380;Snøheim;9.35200;62.29580;3.4;2.8;0.6;;;
SN93900;Šihččajávri;23.53953;68.75597;6.9;5.6;1.3;94.6;61.0;155.1
SN94230;Rognsundet;22.81770;70.41070;9.4;8.2;1.2;;;
SN94280;Hammerfest;23.67720;70.68070;8.9;7.9;1.0;65.5;74.0;88.5
SN94500;Fruholmen fyr;23.98376;71.09445;9.4;8.2;1.2;;;
SN94680;Honningsvåg;25.97820;71.01050;9.3;8.0;1.3;41.6;;
SN95350;Banak;24.97930;70.06000;9.2;7.8;1.4;;;
SN95590;BØRSELV;25.56480;70.31186;;;;48.4;52.0;93.1
SN9580;Tynset;10.73527;62.26969;8.2;7.5;0.7;55.9;37.0;151.1
SN96220;Lebesby;26.99800;70.58117;9.3;;;55.5;56.0;99.1
SN96310;Mehamn LH;27.82980;71.03300;9.1;7.7;1.4;71.8;;
SN96400;Slettnes fyr;28.21700;71.08880;9.1;7.7;1.4;;;
SN96600;Skjånes;28.09950;70.80000;;;;64.8;57.0;113.7
SN96850;Deanušaldi;28.15900;70.21220;8.6;6.9;1.7;70.4;39.0;180.5
SN97251;Karasjok;25.50230;69.46350;7.8;6.2;1.6;38.2;39.0;97.9
SN97350;Čoavddatmohkki;24.43150;69.36960;6.8;5.8;1.0;82.0;40.0;205.0
SN97710;Iškoras ;25.34600;69.30030;5.3;4.2;1.1;;;
SN98090;Berlevåg;29.04240;70.87315;9.2;7.7;1.5;;;
SN98360;Båtsfjord;29.69906;70.60363;8.1;6.6;1.5;;;
SN98400;Makkaur fyr;30.07000;70.70570;9.5;7.8;1.7;;;
SN98550;Vardø radio;31.09620;70.37070;9.3;7.8;1.5;49.0;47.0;104.3
SN98580;Vardø LH;31.05023;70.35129;9.3;7.5;1.8;;;
SN9870;Blanktjernmoen;10.42800;62.43430;;;;42.0;41.0;102.4
SN98790;Vadsø LH;29.83520;70.06530;9.2;7.3;1.9;;;
SN98978;Boazoaivi;28.96480;70.33570;5.7;4.2;1.5;;;
SN99340;Øvre Neiden;29.23210;69.70134;;;;50.6;50.0;101.2
SN99370;Kirkenes lufthavn;29.90570;69.72870;9.1;7.3;1.8;;;
SN99460;Svanvik;30.04100;69.45520;9.2;7.3;1.9;65.1;43.0;151.4
SN99540;Nyrud;29.24272;69.14757;9.1;7.1;2.0;54.3;39.0;139.2
SN99710;Bjørnøya;18.99800;74.50350;5.8;4.1;1.7;41.3;47.0;87.9
SN99720;Hopen;25.01330;76.50970;4.6;2.4;2.2;51.6;34.0;151.8
SN99735;Edgeøya;22.82250;78.25080;3.2;0.7;2.5;;;
SN99840;Svalbard LH;15.50150;78.24530;4.0;2.0;2.0;17.7;27.0;65.6
SN99910;Ny-Ålesund;11.93250;78.92180;2.7;1.2;1.5;44.0;59.0;74.6
SN99927;Verlegenhuken;16.24330;80.05550;1.8;0.2;1.6;;;
SN99950;Jan Mayen;-8.66900;70.93940;5.4;4.5;0.9;57.9;79.0;73.3
